tt22614513,Border City,Border City,1951,30,"Family,Western",6.6,6,6,writer,screenplay,2,9,William Raynor,1920,1994,"writer,miscellaneous,script_department"
tt94728204,ExConvict Story,ExConvict Story,1951,30,"Family,Western",8.0,6,6,writer,screenplay,2,10,William Raynor,1920,1994,"writer,miscellaneous,script_department"
tt24703272,Hepsibah,Hepsibah,1951,30,"Family,Western",6.6,8,6,writer,screenplay,2,8,William Raynor,1920,1994,"writer,miscellaneous,script_department"
tt73164270,The Archeological Story,The Archeological Story,1952,30,Adventure,6.1,14,6,writer,original story and screenplay,1,37,Al C. Ward,1919,2009,"writer,producer,director"
tt26508907,The Sunflower Seed Story,The Sunflower Seed Story,1952,26,Adventure,6.2,10,8,writer,screenplay,1,15,Al C. Ward,1919,2009,"writer,producer,director"
tt83126654,The Art Treasure Story,The Art Treasure Story,1952,30,Adventure,7.0,13,7,writer,story & screenplay,1,27,Al C. Ward,1919,2009,"writer,producer,director"
tt57382739,The Atomic Mine Story,The Atomic Mine Story,1952,30,Adventure,6.6,9,6,writer,original story,1,25,Al C. Ward,1919,2009,"writer,producer,director"
tt91868862,The Burma Temple Story,The Burma Temple Story,1952,26,Adventure,6.1,11,9,writer,screenplay,1,14,Al C. Ward,1919,2009,"writer,producer,director"
tt61290366,The Piece of String Story,The Piece of String Story,1952,25,Adventure,6.0,8,8,writer,screenplay,1,20,Al C. Ward,1919,2009,"writer,producer,director"
tt13032673,The Unknown Terror,The Unknown Terror,1953,30,Adventure,5.4,5,7,writer,writer,1,9,William Raynor,1920,1994,"writer,miscellaneous,script_department"
tt47458090,Black Rain,Black Rain,1953,60,Drama,8.0,10,7,writer,adaptation,5,15,Gerald Savory,1909,1996,"writer,producer,script_department"
tt67863651,Prisoner at One OClock,Prisoner at One OClock,1953,30,Drama,7.1,20,6,writer,writer,1,3,Gene Levitt,1920,1999,"writer,producer,director"
tt74054410,The Faith of Chata,The Faith of Chata,1953,30,Drama,7.6,12,6,writer,writer,1,13,Gene Levitt,1920,1999,"writer,producer,director"
tt34117977,Turn of the Card,Turn of the Card,1953,30,Drama,7.4,16,6,writer,writer,1,5,Gene Levitt,1920,1999,"writer,producer,director"
tt61529054,Gun Running,Gun Running,1953,30,Drama,7.8,6,6,writer,script,1,18,Gene Levitt,1920,1999,"writer,producer,director"
tt56777185,Let Justice Be Done,Let Justice Be Done,1954,30,"Crime,Drama",6.7,22,6,writer,teleplay by,1,10,William Raynor,1920,1994,"writer,miscellaneous,script_department"
tt32010904,The Big Race,The Big Race,1954,30,"Crime,Drama",6.1,12,7,writer,teleplay,2,3,William Raynor,1920,1994,"writer,miscellaneous,script_department"
tt98940599,The Bride of the Idol,The Bride of the Idol,1954,30,Adventure,6.4,9,7,writer,story,2,21,William Raynor,1920,1994,"writer,miscellaneous,script_department"
tt95116688,Out of the Past,Out of the Past,1954,30,"Crime,Drama",8.2,12,6,writer,teleplay,1,18,William Raynor,1920,1994,"writer,miscellaneous,script_department"
tt34469175,The Unfit Mother,The Unfit Mother,1954,30,"Crime,Drama",7.4,10,6,writer,teleplay,1,2,William Raynor,1920,1994,"writer,miscellaneous,script_department"
tt29715392,Baby for Sale,Baby for Sale,1954,30,"Crime,Drama",7.7,9,6,writer,teleplay,1,23,William Raynor,1920,1994,"writer,miscellaneous,script_department"
tt98980000,Crashout,Crashout,1954,30,"Crime,Drama",7.0,8,8,writer,teleplay,2,8,Al C. Ward,1919,2009,"writer,producer,director"
tt45887356,Return of the Dead,Return of the Dead,1954,30,"Crime,Drama",7.8,10,6,writer,teleplay,2,1,Al C. Ward,1919,2009,"writer,producer,director"
tt75415311,Youth Crime Ring,Youth Crime Ring,1954,30,"Crime,Drama",7.8,8,6,writer,teleplay,1,16,Al C. Ward,1919,2009,"writer,producer,director"
tt39434063,Road to Nowhere,Road to Nowhere,1954,30,"Crime,Drama",8.0,10,6,writer,teleplay,2,2,Al C. Ward,1919,2009,"writer,producer,director"
tt74317593,Socrates,Socrates,1954,30,"Crime,Drama",7.2,7,8,writer,teleplay,2,16,Al C. Ward,1919,2009,"writer,producer,director"
tt21998659,Caviar,Caviar,1954,30,Drama,8.8,6,6,writer,script,1,22,Gene Levitt,1920,1999,"writer,producer,director"
tt54373205,The Pearl Necklace,The Pearl Necklace,1955,30,Comedy,5.8,7,6,writer,teleplay,4,25,William Raynor,1920,1994,"writer,miscellaneous,script_department"
tt91617721,Margies Elopement,Margies Elopement,1955,30,Comedy,7.8,8,8,writer,story,4,39,William Raynor,1920,1994,"writer,miscellaneous,script_department"
tt74929779,Deep Sea Diving,Deep Sea Diving,1955,30,Adventure,6.7,10,6,writer,teleplay,1,30,Al C. Ward,1919,2009,"writer,producer,director"
tt24769706,The Director,The Director,1955,30,"Crime,Drama",7.1,12,6,writer,teleplay by,2,23,Al C. Ward,1919,2009,"writer,producer,director"
tt74683707,The Phantom Herd,The Phantom Herd,1955,30,"Adventure,Western",5.4,9,9,cinematographer,director of photography,1,13,Joseph LaShelle,1900,1989,"cinematographer,camera_department"
tt22784268,Revenge,Revenge,1955,30,Adventure,5.8,6,6,writer,writer,1,15,Gene Levitt,1920,1999,"writer,producer,director"
tt89101725,The Ransom,The Ransom,1955,30,Adventure,4.8,5,6,writer,screenplay,1,27,Gene Levitt,1920,1999,"writer,producer,director"
tt60909983,Dead Reckoning,Dead Reckoning,1955,30,"Adventure,Drama,Sci-Fi",6.5,26,6,writer,screenplay,1,21,Gene Levitt,1920,1999,"writer,producer,director"
tt38974261,MachineNapping,MachineNapping,1955,26,"Action,Crime,Drama",7.7,84,6,writer,screenplay,1,2,Gene Levitt,1920,1999,"writer,producer,director"
tt53825368,Radioactive,Radioactive,1955,26,"Action,Crime,Drama",7.6,88,6,writer,screenplay,1,8,Gene Levitt,1920,1999,"writer,producer,director"
tt71481009,The Major of St Lo,The Major of St Lo,1956,30,Drama,6.2,6,6,writer,screenplay,4,25,Al C. Ward,1919,2009,"writer,producer,director"
tt79347641,Yellowbelly,Yellowbelly,1956,30,"Comedy,Crime,Drama",6.9,9,6,writer,screenplay,4,39,Al C. Ward,1919,2009,"writer,producer,director"
tt93179350,The David Tremayne Story,The David Tremayne Story,1956,30,Drama,7.1,14,6,writer,written by,3,9,Al C. Ward,1919,2009,"writer,producer,director"
tt40551070,The Joey Diamond Story,The Joey Diamond Story,1956,30,Drama,8.0,13,6,writer,written by,3,8,Al C. Ward,1919,2009,"writer,producer,director"
tt19837129,The Olivia Grainger Story,The Olivia Grainger Story,1956,30,Drama,8.0,9,6,writer,written by,2,36,Al C. Ward,1919,2009,"writer,producer,director"
tt37788069,The Story of Tom Mead,The Story of Tom Mead,1956,30,Drama,8.4,13,6,writer,written by,2,28,Al C. Ward,1919,2009,"writer,producer,director"
tt32265213,The Rita Hanley Story,The Rita Hanley Story,1956,30,Drama,8.6,11,6,writer,written by,2,25,Al C. Ward,1919,2009,"writer,producer,director"
tt67478216,Wheres Charley,Wheres Charley,1957,90,"Comedy,Crime,Drama",6.4,13,6,writer,adapted by,1,26,Leslie Stevens,1924,1998,"writer,producer,miscellaneous"
tt63130649,Invitation to a Gunfighter,Invitation to a Gunfighter,1957,90,"Comedy,Crime,Drama",8.2,11,8,writer,written by,1,23,Leslie Stevens,1924,1998,"writer,producer,miscellaneous"
tt33108439,The Case of the Drowning Duck,The Case of the Drowning Duck,1957,52,"Crime,Drama,Mystery",8.0,465,7,writer,teleplay by,1,4,Al C. Ward,1919,2009,"writer,producer,director"
tt75988740,The Case of the Vagabond Vixen,The Case of the Vagabond Vixen,1957,52,"Crime,Drama,Mystery",8.0,396,7,writer,teleplay by,1,9,Al C. Ward,1919,2009,"writer,producer,director"
tt93828581,The Night the World Ended,The Night the World Ended,1957,30,"Comedy,Crime,Drama",7.1,613,8,cinematographer,director of photography,2,31,Joseph LaShelle,1900,1989,"cinematographer,camera_department"
tt44822060,Vicious Circle,Vicious Circle,1957,30,"Comedy,Crime,Drama",6.6,489,8,cinematographer,director of photography,2,29,Joseph LaShelle,1900,1989,"cinematographer,camera_department"
tt23085971,Strange Quarantine,Strange Quarantine,1957,30,Western,7.4,9,6,writer,story by,1,12,Gene Levitt,1920,1999,"writer,producer,director"
tt60471880,The Avenger,The Avenger,1957,30,Western,7.4,14,6,writer,written by,1,4,Gene Levitt,1920,1999,"writer,producer,director"
tt98396712,The Magic Box,The Magic Box,1957,30,Western,7.5,9,7,writer,t.v. story & teleplay,1,10,Gene Levitt,1920,1999,"writer,producer,director"
tt14527957,Comstock Conspiracy,Comstock Conspiracy,1957,49,"Comedy,Western",7.9,113,6,writer,written by,1,14,Gene Levitt,1920,1999,"writer,producer,director"
tt42448712,The Torch Carriers,The Torch Carriers,1957,30,"Action,Crime,Drama",7.5,18,6,writer,written by,1,9,Gene Levitt,1920,1999,"writer,producer,director"
tt90344580,Desert Survival,Desert Survival,1957,30,Western,8.0,35,6,writer,writer,1,8,Gene Levitt,1920,1999,"writer,producer,director"
tt63872557,Portrait of a Murderer,Portrait of a Murderer,1958,90,"Comedy,Crime,Drama",8.4,27,6,writer,written by,2,25,Leslie Stevens,1924,1998,"writer,producer,miscellaneous"
tt15234170,The Case of the Fugitive Nurse,The Case of the Fugitive Nurse,1958,52,"Crime,Drama,Mystery",8.2,387,7,writer,teleplay by,1,22,Al C. Ward,1919,2009,"writer,producer,director"
tt70079471,The Case of the Hesitant Hostess,The Case of the Hesitant Hostess,1958,52,"Crime,Drama,Mystery",8.0,336,7,writer,teleplay by,1,29,Al C. Ward,1919,2009,"writer,producer,director"
tt64259659,Streetcar Jones,Streetcar Jones,1958,30,"Action,Crime,Drama",7.4,154,6,writer,written by,1,2,Al C. Ward,1919,2009,"writer,producer,director"
tt82010229,Casualty,Casualty,1958,48,"Action,Crime,Drama",8.0,56,6,writer,teleplay,1,4,Gene Levitt,1920,1999,"writer,producer,director"
tt50509337,Double Showdown,Double Showdown,1958,30,Western,8.1,71,9,writer,teleplay,1,1,Gene Levitt,1920,1999,"writer,producer,director"
tt57402838,Dynamite Blows Two Ways,Dynamite Blows Two Ways,1958,30,Western,7.5,52,6,writer,written by,1,3,Gene Levitt,1920,1999,"writer,producer,director"
tt57700340,The Treasure of Worry Hill,The Treasure of Worry Hill,1958,30,Western,7.8,44,6,writer,written by,1,9,Gene Levitt,1920,1999,"writer,producer,director"
tt66708774,The Lonesome Reunion,The Lonesome Reunion,1958,60,"Comedy,Western",7.9,95,6,writer,teleplay,2,2,Gene Levitt,1920,1999,"writer,producer,director"
tt78438954,The Judas Mask,The Judas Mask,1958,60,"Comedy,Western",7.1,79,6,writer,written by,2,7,Gene Levitt,1920,1999,"writer,producer,director"
tt96038086,Trail West to Fury,Trail West to Fury,1958,49,"Comedy,Western",7.7,110,6,writer,teleplay,1,21,Gene Levitt,1920,1999,"writer,producer,director"
tt14604839,Flooded Mine,Flooded Mine,1958,30,"Action,Adventure",7.1,36,6,writer,written by,1,2,Gene Levitt,1920,1999,"writer,producer,director"
tt51984940,Gold Below,Gold Below,1958,30,"Action,Adventure",8.3,29,6,writer,written by,1,9,Gene Levitt,1920,1999,"writer,producer,director"
tt56052788,CaveIn,CaveIn,1958,30,Western,7.8,32,6,writer,teleplay,1,24,Gene Levitt,1920,1999,"writer,producer,director"
tt46689273,Doc Holliday in Durango,Doc Holliday in Durango,1958,30,Western,7.7,38,6,writer,writer,1,29,Gene Levitt,1920,1999,"writer,producer,director"
tt23143872,Bentley and the Dog Trainer,Bentley and the Dog Trainer,1959,30,"Comedy,Family",6.9,11,6,writer,written by,3,2,William Raynor,1920,1994,"writer,miscellaneous,script_department"
tt69376419,Kellys Idol,Kellys Idol,1959,30,"Comedy,Family",7.6,13,7,writer,written by,3,5,William Raynor,1920,1994,"writer,miscellaneous,script_department"
tt44834877,Chinese Invasion,Chinese Invasion,1959,60,Western,7.5,14,6,writer,written by,1,24,William Raynor,1920,1994,"writer,miscellaneous,script_department"
tt76207784,The Unaccepted,The Unaccepted,1959,60,Western,6.8,13,6,writer,teleplay,1,21,William Raynor,1920,1994,"writer,miscellaneous,script_department"
tt74444903,A Race to Cincinnati,A Race to Cincinnati,1959,60,"Adventure,Western",7.2,10,6,writer,teleplay,1,4,William Raynor,1920,1994,"writer,miscellaneous,script_department"
tt73220446,The Ugly Duckling,The Ugly Duckling,1959,26,"Crime,Drama,Mystery",6.9,19,10,editor,film editor,1,1,Henry Batista,1914,2002,"editor,editorial_department,miscellaneous"
tt86678711,The Julia Bulette Story,The Julia Bulette Story,1959,49,Western,6.8,168,6,writer,written by,1,6,Al C. Ward,1919,2009,"writer,producer,director"
tt18898034,The Taste of Ashes,The Taste of Ashes,1959,60,"Crime,Drama",8.0,21,7,writer,teleplay,1,1,Al C. Ward,1919,2009,"writer,producer,director"
tt13286083,Millionaire Charles Bradwell,Millionaire Charles Bradwell,1959,30,Drama,8.5,8,6,writer,writer,5,37,Al C. Ward,1919,2009,"writer,producer,director"
tt18028506,The Case of Paul Drakes Dilemma,The Case of Paul Drakes Dilemma,1959,60,"Crime,Drama,Mystery",8.9,322,8,writer,story,3,6,Al C. Ward,1919,2009,"writer,producer,director"
tt15740326,Incident of the Chubasco,Incident of the Chubasco,1959,51,Western,7.5,128,6,writer,writer,1,12,Al C. Ward,1919,2009,"writer,producer,director"
tt40052454,Thousand Dollar Bill,Thousand Dollar Bill,1959,30,"Crime,Drama",8.2,17,8,writer,writer,1,6,Al C. Ward,1919,2009,"writer,producer,director"
tt12954414,Where Is Everybody,Where Is Everybody,1959,25,"Drama,Fantasy,Horror",7.9,6362,9,cinematographer,director of photography,1,1,Joseph LaShelle,1900,1989,"cinematographer,camera_department"
tt22803026,Back to Back The Dock Brief and What Shall We Tell Caroline,Back to Back The Dock Brief and What Shall We Tell Caroline,1959,100,"Comedy,Drama,Fantasy",7.0,9,6,writer,plays,1,4,John Mortimer,1923,2009,"writer,actor,producer"
tt77900915,Man of Action,Man of Action,1959,30,Western,7.7,37,6,writer,written by,1,26,Gene Levitt,1920,1999,"writer,producer,director"
tt49995976,River Boat,River Boat,1959,30,Western,7.6,48,6,writer,written by,1,19,Gene Levitt,1920,1999,"writer,producer,director"
tt62539638,Wanted Dead,Wanted Dead,1959,30,Western,7.8,40,6,writer,written by,2,2,Gene Levitt,1920,1999,"writer,producer,director"
tt72531468,Backtrack,Backtrack,1959,30,Drama,6.3,11,6,writer,written by,1,3,Gene Levitt,1920,1999,"writer,producer,director"
tt22057418,Game of Chance,Game of Chance,1959,60,"Comedy,Western",8.4,86,6,writer,writer,2,15,Gene Levitt,1920,1999,"writer,producer,director"
tt37506384,Crown of Silla,Crown of Silla,1959,30,"Action,Crime,Drama",7.2,13,6,writer,written by,3,11,Gene Levitt,1920,1999,"writer,producer,director"
tt29058683,Pack Rat,Pack Rat,1959,30,"Action,Crime,Drama",7.4,14,7,writer,written by,3,2,Gene Levitt,1920,1999,"writer,producer,director"
tt36252204,The Blood Line,The Blood Line,1960,60,Western,6.5,145,6,writer,written by,2,15,William Raynor,1920,1994,"writer,miscellaneous,script_department"
tt98213971,The Bleymier Story,The Bleymier Story,1960,60,Western,7.7,62,7,writer,teleplay,4,8,William Raynor,1920,1994,"writer,miscellaneous,script_department"
tt78576635,Bentley and the Combo,Bentley and the Combo,1960,30,"Comedy,Family",7.8,17,8,writer,written by,3,18,William Raynor,1920,1994,"writer,miscellaneous,script_department"
tt34934436,Bentley The Gentleman Farmer,Bentley The Gentleman Farmer,1960,30,"Comedy,Family",6.8,13,7,writer,written by,3,17,William Raynor,1920,1994,"writer,miscellaneous,script_department"
tt85980689,The Blood Line,The Blood Line,1960,60,Western,6.5,145,7,writer,written by,2,15,Myles Wilder,1933,2010,"writer,miscellaneous,producer"
tt55278604,The Bleymier Story,The Bleymier Story,1960,60,Western,7.7,62,8,writer,teleplay,4,8,Myles Wilder,1933,2010,"writer,miscellaneous,producer"
tt70633625,Beavers Big Contest,Beavers Big Contest,1960,30,"Comedy,Family",7.9,95,9,cinematographer,director of photography,4,6,Ray Flin,1905,1969,"cinematographer,camera_department"
tt76887657,Beavers Freckles,Beavers Freckles,1960,30,"Comedy,Family",7.8,107,10,cinematographer,director of photography,4,5,Ray Flin,1905,1969,"cinematographer,camera_department"
tt52822804,Diary of a Bomber,Diary of a Bomber,1960,30,"Crime,Drama,Thriller",6.6,6,9,cinematographer,director of photography,3,28,Ray Flin,1905,1969,"cinematographer,camera_department"
tt81770452,Man with the Ice,Man with the Ice,1960,30,"Crime,Drama,Thriller",6.4,6,9,cinematographer,director of photography,3,31,Ray Flin,1905,1969,"cinematographer,camera_department"
tt30123441,The Vigilantes of Montana,The Vigilantes of Montana,1960,60,Western,7.4,11,8,cinematographer,director of photography,1,9,Ray Flin,1905,1969,"cinematographer,camera_department"
tt41539904,The Wichita Arrows,The Wichita Arrows,1960,60,"Adventure,Western",7.8,7,10,cinematographer,director of photography,1,24,Ray Flin,1905,1969,"cinematographer,camera_department"
tt62588989,Lord Arthur Saviles Crime,Lord Arthur Saviles Crime,1960,90,Drama,7.7,10,7,writer,adaptation,3,69,Gerald Savory,1909,1996,"writer,producer,script_department"
tt92226628,Ironbarks Bride,Ironbarks Bride,1960,30,Drama,7.4,34,7,writer,story,1,9,Al C. Ward,1919,2009,"writer,producer,director"
tt14181844,A House Divided,A House Divided,1960,60,Western,6.9,136,6,writer,written by,1,18,Al C. Ward,1919,2009,"writer,producer,director"
tt51133859,Green Hell,Green Hell,1960,60,"Crime,Drama",8.2,9,6,writer,teleplay,1,34,Al C. Ward,1919,2009,"writer,producer,director"
tt61687789,Road to Three Graves,Road to Three Graves,1960,60,Western,8.4,65,6,writer,writer,5,3,Al C. Ward,1919,2009,"writer,producer,director"
tt74902821,The Blowup,The Blowup,1960,49,"Adventure,Western",6.4,10,5,writer,written by,1,18,Al C. Ward,1919,2009,"writer,producer,director"
tt87971977,Borderline,Borderline,1960,30,"Crime,Drama",7.6,11,8,writer,writer,1,35,Al C. Ward,1919,2009,"writer,producer,director"
tt45033306,The Negotiable Blonde,The Negotiable Blonde,1960,47,"Action,Crime,Drama",7.5,36,7,writer,story,3,6,Gene Levitt,1920,1999,"writer,producer,director"
tt34161452,A Whale of a Tale,A Whale of a Tale,1960,49,Adventure,5.8,8,7,writer,writer,2,6,Gene Levitt,1920,1999,"writer,producer,director"
tt86514814,Flume to the Mother Lode,Flume to the Mother Lode,1960,30,Western,7.6,32,6,writer,written by,2,16,Gene Levitt,1920,1999,"writer,producer,director"
tt20383717,High Card Loses,High Card Loses,1960,30,Western,7.5,34,7,writer,written by,3,7,Gene Levitt,1920,1999,"writer,producer,director"
tt10205910,A Man Among Men,A Man Among Men,1961,30,"Comedy,Family",6.2,7,6,writer,written by,4,25,William Raynor,1920,1994,"writer,miscellaneous,script_department"
tt21289447,The Greggs in London,The Greggs in London,1961,30,"Comedy,Family",7.2,7,6,writer,written by,4,20,William Raynor,1920,1994,"writer,miscellaneous,script_department"
tt42391374,The Chalice,The Chalice,1961,60,Western,8.4,50,6,writer,written by,4,34,William Raynor,1920,1994,"writer,miscellaneous,script_department"
tt61533067,The Sam Elder Story,The Sam Elder Story,1961,60,Western,8.4,68,6,writer,written by,4,17,William Raynor,1920,1994,"writer,miscellaneous,script_department"
tt23122606,The Selena Hartnell Story,The Selena Hartnell Story,1961,60,Western,8.0,49,6,writer,written by,5,4,William Raynor,1920,1994,"writer,miscellaneous,script_department"
tt91338666,Theres No Place Like Home,Theres No Place Like Home,1961,30,"Comedy,Family",6.7,8,6,writer,written by,4,23,William Raynor,1920,1994,"writer,miscellaneous,script_department"
tt33452897,Instant Hate,Instant Hate,1961,30,"Comedy,Family",6.9,41,6,writer,written by,2,2,William Raynor,1920,1994,"writer,miscellaneous,script_department"
tt69065061,Sorority Girl,Sorority Girl,1961,30,"Comedy,Family",7.5,20,6,writer,written by,4,26,William Raynor,1920,1994,"writer,miscellaneous,script_department"
tt39142485,A Man Among Men,A Man Among Men,1961,30,"Comedy,Family",6.2,7,7,writer,written by,4,25,Myles Wilder,1933,2010,"writer,miscellaneous,producer"
tt93611406,The Greggs in London,The Greggs in London,1961,30,"Comedy,Family",7.2,7,7,writer,written by,4,20,Myles Wilder,1933,2010,"writer,miscellaneous,producer"
tt74724930,The Chalice,The Chalice,1961,60,Western,8.4,50,7,writer,written by,4,34,Myles Wilder,1933,2010,"writer,miscellaneous,producer"
tt59138596,The Sam Elder Story,The Sam Elder Story,1961,60,Western,8.4,68,7,writer,written by,4,17,Myles Wilder,1933,2010,"writer,miscellaneous,producer"
tt10743899,The Selena Hartnell Story,The Selena Hartnell Story,1961,60,Western,8.0,49,7,writer,written by,5,4,Myles Wilder,1933,2010,"writer,miscellaneous,producer"
tt48724638,Theres No Place Like Home,Theres No Place Like Home,1961,30,"Comedy,Family",6.7,8,7,writer,written by,4,23,Myles Wilder,1933,2010,"writer,miscellaneous,producer"
tt58588495,Instant Hate,Instant Hate,1961,30,"Comedy,Family",6.9,41,7,writer,written by,2,2,Myles Wilder,1933,2010,"writer,miscellaneous,producer"
tt42037903,Sorority Girl,Sorority Girl,1961,30,"Comedy,Family",7.5,20,7,writer,written by,4,26,Myles Wilder,1933,2010,"writer,miscellaneous,producer"
tt73568985,The Gift,The Gift,1961,60,Western,7.2,120,6,writer,written by,2,27,Denne Bart Petitclerc,1929,2006,"writer,miscellaneous,producer"
tt59998687,Blonde Herring,Blonde Herring,1961,30,Crime,8.0,9,7,cinematographer,director of photography,1,38,Ray Flin,1905,1969,"cinematographer,camera_department"
tt62383308,Come with Thy Loot,Come with Thy Loot,1961,30,Crime,7.4,7,7,cinematographer,director of photography,1,29,Ray Flin,1905,1969,"cinematographer,camera_department"
tt35437456,Flight to La Paz,Flight to La Paz,1961,30,Crime,7.3,7,7,cinematographer,director of photography,1,27,Ray Flin,1905,1969,"cinematographer,camera_department"
tt73890400,Hunt Breakfast,Hunt Breakfast,1961,30,Crime,7.6,11,7,cinematographer,director of photography,1,25,Ray Flin,1905,1969,"cinematographer,camera_department"
tt36629128,Sincerely Yours Napoleon,Sincerely Yours Napoleon,1961,30,Crime,7.9,8,7,cinematographer,director of photography,1,22,Ray Flin,1905,1969,"cinematographer,camera_department"
tt42251332,Nice Guys Finish Last,Nice Guys Finish Last,1961,60,"Crime,Drama,Mystery",6.7,19,10,cinematographer,director of photography,2,10,Ray Flin,1905,1969,"cinematographer,camera_department"
tt37397847,Through a Dark Glass,Through a Dark Glass,1961,60,"Crime,Drama,Mystery",7.0,10,10,cinematographer,director of photography,2,5,Ray Flin,1905,1969,"cinematographer,camera_department"
tt59350675,Waiting for Jocko,Waiting for Jocko,1961,60,"Crime,Drama,Mystery",7.2,15,10,cinematographer,director of photography,2,4,Ray Flin,1905,1969,"cinematographer,camera_department"
tt40163117,Full Payment,Full Payment,1961,30,Western,7.1,9,10,cinematographer,director of photography,2,1,Ray Flin,1905,1969,"cinematographer,camera_department"
tt65492220,Shadow of the Past,Shadow of the Past,1961,30,Western,8.6,9,10,cinematographer,director of photography,2,5,Ray Flin,1905,1969,"cinematographer,camera_department"
tt70615123,Sidekick,Sidekick,1961,30,Western,6.8,7,10,cinematographer,director of photography,2,16,Ray Flin,1905,1969,"cinematographer,camera_department"
tt79628953,The Female Artillery,The Female Artillery,1961,30,Western,6.7,12,9,cinematographer,director of photography,2,4,Ray Flin,1905,1969,"cinematographer,camera_department"
tt50367343,The Liberty Belle,The Liberty Belle,1961,30,Western,6.7,13,10,cinematographer,director of photography,2,2,Ray Flin,1905,1969,"cinematographer,camera_department"
tt96210652,The Woman,The Woman,1961,30,Western,6.4,9,10,cinematographer,director of photography,2,8,Ray Flin,1905,1969,"cinematographer,camera_department"
tt11938689,The Remarkable Mrs Hawk,The Remarkable Mrs Hawk,1961,60,"Crime,Drama,Horror",7.9,149,10,cinematographer,director of photography,2,13,Ray Flin,1905,1969,"cinematographer,camera_department"
tt85298850,A Few Brief Lines for Dave,A Few Brief Lines for Dave,1961,60,Drama,8.3,8,7,writer,teleplay,1,7,Al C. Ward,1919,2009,"writer,producer,director"
tt24716315,The Insolent Heart,The Insolent Heart,1961,60,Drama,8.0,11,7,writer,writer,1,3,Al C. Ward,1919,2009,"writer,producer,director"
tt90009055,I Spy,I Spy,1961,30,"Comedy,Crime,Drama",6.6,361,7,writer,play,7,9,John Mortimer,1923,2009,"writer,actor,producer"
tt30415556,Jonathan Wembley Is Missing,Jonathan Wembley Is Missing,1961,60,Drama,8.6,8,7,writer,story,2,9,William P. D'Angelo,1932,2002,"producer,director,writer"
tt31040253,Show Me a Hero,Show Me a Hero,1961,60,Adventure,8.0,8,9,producer,producer,3,6,Gene Levitt,1920,1999,"writer,producer,director"
tt53370767,The Fires of Kanua,The Fires of Kanua,1961,49,Adventure,5.7,7,8,producer,producer,3,8,Gene Levitt,1920,1999,"writer,producer,director"
tt39775459,Vendetta,Vendetta,1961,60,Adventure,6.5,9,6,writer,story,3,3,Gene Levitt,1920,1999,"writer,producer,director"
tt41223406,Bandwagon,Bandwagon,1962,60,"Drama,Sport,Western",7.2,16,7,producer,producer,1,12,Leslie Stevens,1924,1998,"writer,producer,miscellaneous"
tt83651504,Spin a Golden Web,Spin a Golden Web,1962,60,"Drama,Sport,Western",7.5,13,7,producer,producer,1,9,Leslie Stevens,1924,1998,"writer,producer,miscellaneous"
tt75057800,The Wanderer,The Wanderer,1962,60,"Drama,Sport,Western",7.2,14,7,producer,producer,1,10,Leslie Stevens,1924,1998,"writer,producer,miscellaneous"
tt77771953,Kellys Engagement,Kellys Engagement,1962,30,"Comedy,Family",7.2,6,6,writer,written by,5,31,William Raynor,1920,1994,"writer,miscellaneous,script_department"
tt92010499,Kellys Engagement,Kellys Engagement,1962,30,"Comedy,Family",7.2,6,7,writer,written by,5,31,Myles Wilder,1933,2010,"writer,miscellaneous,producer"
tt32433924,The Deadly Ones,The Deadly Ones,1962,60,Western,7.5,89,6,writer,teleplay,4,10,Denne Bart Petitclerc,1929,2006,"writer,miscellaneous,producer"
tt10554911,The Storm,The Storm,1962,60,Western,7.3,118,6,writer,written by,3,19,Denne Bart Petitclerc,1929,2006,"writer,miscellaneous,producer"
tt96481556,Mighty Like Rogues,Mighty Like Rogues,1962,60,Western,6.3,9,9,cinematographer,director of photography,1,20,Ray Flin,1905,1969,"cinematographer,camera_department"
tt80689912,The Race,The Race,1962,60,Western,5.4,7,8,cinematographer,director of photography,1,24,Ray Flin,1905,1969,"cinematographer,camera_department"
tt90089754,The Girl from Paradise,The Girl from Paradise,1962,30,Western,7.0,10,10,cinematographer,director of photography,2,19,Ray Flin,1905,1969,"cinematographer,camera_department"
tt83543370,The Impatient Brides,The Impatient Brides,1962,30,Western,7.3,8,9,cinematographer,director of photography,2,22,Ray Flin,1905,1969,"cinematographer,camera_department"
tt84048702,Four to Go,Four to Go,1962,60,"Comedy,Drama,Romance",7.4,10,9,cinematographer,director of photography,1,1,Ray Flin,1905,1969,"cinematographer,camera_department"
tt12092553,Molly Pitcher and the Green Eyed Monster,Molly Pitcher and the Green Eyed Monster,1962,30,"Comedy,Drama,Romance",9.8,7,9,cinematographer,director of photography,1,3,Ray Flin,1905,1969,"cinematographer,camera_department"
tt97519146,Portrait of Teresa,Portrait of Teresa,1962,60,Western,7.5,18,6,writer,written by,6,20,Al C. Ward,1919,2009,"writer,producer,director"
tt76644101,Royal Maroon,Royal Maroon,1962,60,Western,7.8,27,7,writer,writer,6,30,Al C. Ward,1919,2009,"writer,producer,director"
tt80250010,The Angry Sky,The Angry Sky,1962,60,Western,6.9,18,7,writer,writer,6,29,Al C. Ward,1919,2009,"writer,producer,director"
tt34428368,The Traveler,The Traveler,1962,60,Western,8.1,23,7,writer,writer,6,22,Al C. Ward,1919,2009,"writer,producer,director"
tt51124892,To Kill a Town,To Kill a Town,1962,60,Western,7.5,21,7,writer,writer,6,26,Al C. Ward,1919,2009,"writer,producer,director"
tt95942885,Vignette of a Sinner,Vignette of a Sinner,1962,60,Western,8.8,23,7,writer,writer,6,34,Al C. Ward,1919,2009,"writer,producer,director"
tt52574647,The Lovely American,The Lovely American,1962,60,"Action,Crime,Drama",6.7,27,7,writer,story,4,33,William P. D'Angelo,1932,2002,"producer,director,writer"
tt32418392,Signals for an End Run,Signals for an End Run,1962,60,"Action,Drama,War",8.2,7,6,writer,story,1,10,William P. D'Angelo,1932,2002,"producer,director,writer"
tt54279573,The Velvet Trap,The Velvet Trap,1962,48,Adventure,5.5,9,8,producer,producer,3,16,Gene Levitt,1920,1999,"writer,producer,director"
tt84788562,Any Second Now,Any Second Now,1962,48,"Action,Drama,War",7.8,130,6,writer,written by,1,4,Gene Levitt,1920,1999,"writer,producer,director"
tt83839001,I Swear by Apollo,I Swear by Apollo,1962,60,"Action,Drama,War",8.7,106,6,writer,written by,1,10,Gene Levitt,1920,1999,"writer,producer,director"
tt38081307,Rear Echelon Commandos,Rear Echelon Commandos,1962,47,"Action,Drama,War",8.2,135,7,writer,teleplay,1,2,Gene Levitt,1920,1999,"writer,producer,director"
tt55557437,GoldPlated Maverick,GoldPlated Maverick,1963,60,"Drama,Sport,Western",7.1,13,7,producer,producer,1,14,Leslie Stevens,1924,1998,"writer,producer,miscellaneous"
tt53270529,Point of Entry,Point of Entry,1963,60,"Drama,Sport,Western",7.0,35,6,writer,written by,1,21,Leslie Stevens,1924,1998,"writer,producer,miscellaneous"
tt57993268,The Test,The Test,1963,30,"Drama,Sport,Western",7.8,19,7,producer,producer,1,31,Leslie Stevens,1924,1998,"writer,producer,miscellaneous"
tt76432149,Tigress by the Tail,Tigress by the Tail,1963,60,"Drama,Sport,Western",6.5,15,7,producer,producer,1,30,Leslie Stevens,1924,1998,"writer,producer,miscellaneous"
tt87688688,The Binghamton Murder Plot,The Binghamton Murder Plot,1963,30,"Comedy,War",7.6,51,6,writer,written by,2,2,William Raynor,1920,1994,"writer,miscellaneous,script_department"
tt57664756,HMS 73,HMS 73,1963,30,"Comedy,War",7.2,46,6,writer,written by,1,26,William Raynor,1920,1994,"writer,miscellaneous,script_department"
tt32905095,Have Kimono Will Travel,Have Kimono Will Travel,1963,26,"Comedy,War",7.1,37,6,writer,written by,2,6,William Raynor,1920,1994,"writer,miscellaneous,script_department"
tt51315863,Is There a Doctor in the Hut,Is There a Doctor in the Hut,1963,30,"Comedy,War",7.3,40,6,writer,teleplay,2,4,William Raynor,1920,1994,"writer,miscellaneous,script_department"
tt52389572,McHales Millions,McHales Millions,1963,30,"Comedy,War",7.2,44,6,writer,written by,1,33,William Raynor,1920,1994,"writer,miscellaneous,script_department"
tt24189397,My Ensign the Lawyer,My Ensign the Lawyer,1963,26,"Comedy,War",7.6,44,6,writer,teleplay,2,14,William Raynor,1920,1994,"writer,miscellaneous,script_department"
tt78834968,The Creature from McHales Lagoon,The Creature from McHales Lagoon,1963,30,"Comedy,War",7.0,34,6,writer,written by,2,16,William Raynor,1920,1994,"writer,miscellaneous,script_department"
tt23045574,The Day the War Stood Still,The Day the War Stood Still,1963,30,"Comedy,War",7.4,40,6,writer,written by,2,1,William Raynor,1920,1994,"writer,miscellaneous,script_department"
tt75981025,The Monster of McHales Island,The Monster of McHales Island,1963,30,"Comedy,War",7.1,45,6,writer,teleplay,1,35,William Raynor,1920,1994,"writer,miscellaneous,script_department"
tt33543620,Washing Machine Charlie,Washing Machine Charlie,1963,30,"Comedy,War",7.5,48,6,writer,written by,1,22,William Raynor,1920,1994,"writer,miscellaneous,script_department"
tt93250562,The Naomi Kaylor Story,The Naomi Kaylor Story,1963,60,Western,8.6,78,6,writer,written by,6,19,William Raynor,1920,1994,"writer,miscellaneous,script_department"
tt59788313,The Binghamton Murder Plot,The Binghamton Murder Plot,1963,30,"Comedy,War",7.6,51,7,writer,written by,2,2,Myles Wilder,1933,2010,"writer,miscellaneous,producer"
tt85707508,HMS 73,HMS 73,1963,30,"Comedy,War",7.2,46,7,writer,written by,1,26,Myles Wilder,1933,2010,"writer,miscellaneous,producer"
tt61764354,Have Kimono Will Travel,Have Kimono Will Travel,1963,26,"Comedy,War",7.1,37,7,writer,written by,2,6,Myles Wilder,1933,2010,"writer,miscellaneous,producer"
tt49023474,Is There a Doctor in the Hut,Is There a Doctor in the Hut,1963,30,"Comedy,War",7.3,40,7,writer,teleplay,2,4,Myles Wilder,1933,2010,"writer,miscellaneous,producer"
tt85831974,McHales Millions,McHales Millions,1963,30,"Comedy,War",7.2,44,7,writer,written by,1,33,Myles Wilder,1933,2010,"writer,miscellaneous,producer"
tt10296849,My Ensign the Lawyer,My Ensign the Lawyer,1963,26,"Comedy,War",7.6,44,7,writer,teleplay,2,14,Myles Wilder,1933,2010,"writer,miscellaneous,producer"
tt12980738,The Creature from McHales Lagoon,The Creature from McHales Lagoon,1963,30,"Comedy,War",7.0,34,7,writer,written by,2,16,Myles Wilder,1933,2010,"writer,miscellaneous,producer"
tt56222301,The Day the War Stood Still,The Day the War Stood Still,1963,30,"Comedy,War",7.4,40,7,writer,written by,2,1,Myles Wilder,1933,2010,"writer,miscellaneous,producer"
tt89393825,The Monster of McHales Island,The Monster of McHales Island,1963,30,"Comedy,War",7.1,45,7,writer,teleplay,1,35,Myles Wilder,1933,2010,"writer,miscellaneous,producer"
tt22206741,Washing Machine Charlie,Washing Machine Charlie,1963,30,"Comedy,War",7.5,48,7,writer,written by,1,22,Myles Wilder,1933,2010,"writer,miscellaneous,producer"
tt10531772,The Naomi Kaylor Story,The Naomi Kaylor Story,1963,60,Western,8.6,78,7,writer,written by,6,19,Myles Wilder,1933,2010,"writer,miscellaneous,producer"
tt32529754,Incident at Spider Rock,Incident at Spider Rock,1963,60,Western,8.2,82,6,writer,writer,5,17,Al C. Ward,1919,2009,"writer,producer,director"
tt31613131,Incident at Two Graves,Incident at Two Graves,1963,60,Western,8.1,72,7,writer,writer,6,7,Al C. Ward,1919,2009,"writer,producer,director"
tt80878429,Incident of the Comanchero,Incident of the Comanchero,1963,60,Western,7.4,67,6,writer,writer,5,24,Al C. Ward,1919,2009,"writer,producer,director"
tt53923426,Say Goodbye to All That,Say Goodbye to All That,1963,75,Western,7.8,92,6,writer,writer,1,18,Al C. Ward,1919,2009,"writer,producer,director"
tt81112626,Anatomy of a Patrol,Anatomy of a Patrol,1963,60,"Action,Drama,War",8.9,109,8,producer,producer,2,11,Gene Levitt,1920,1999,"writer,producer,director"
tt72354899,Bridgehead,Bridgehead,1963,60,"Action,Drama,War",8.6,109,7,producer,producer,2,2,Gene Levitt,1920,1999,"writer,producer,director"
tt32596339,Gideons Army,Gideons Army,1963,60,"Action,Drama,War",8.6,91,7,producer,producer,2,16,Gene Levitt,1920,1999,"writer,producer,director"
tt93249990,Masquerade,Masquerade,1963,60,"Action,Drama,War",8.8,109,7,producer,producer,2,3,Gene Levitt,1920,1999,"writer,producer,director"
tt16931451,One More for the Road,One More for the Road,1963,60,"Action,Drama,War",8.2,92,8,producer,producer,1,29,Gene Levitt,1920,1999,"writer,producer,director"
tt23723829,The Bridge at Chalons,The Bridge at Chalons,1963,60,"Action,Drama,War",8.7,108,8,producer,producer,2,1,Gene Levitt,1920,1999,"writer,producer,director"
tt17567807,The Long Way Home Part 1,The Long Way Home Part 1,1963,60,"Action,Drama,War",8.6,102,7,producer,producer,2,4,Gene Levitt,1920,1999,"writer,producer,director"
tt23046855,The Long Way Home Part 2,The Long Way Home Part 2,1963,60,"Action,Drama,War",8.9,98,7,producer,producer,2,5,Gene Levitt,1920,1999,"writer,producer,director"
tt33308974,The Party,The Party,1963,60,"Action,Drama,War",6.9,84,7,producer,producer,2,15,Gene Levitt,1920,1999,"writer,producer,director"
tt88800459,The Sniper,The Sniper,1963,60,"Action,Drama,War",8.4,99,7,producer,producer,1,28,Gene Levitt,1920,1999,"writer,producer,director"
tt22076040,The Wounded Dont Cry,The Wounded Dont Cry,1963,60,"Action,Drama,War",8.9,110,7,producer,producer,2,6,Gene Levitt,1920,1999,"writer,producer,director"
tt52270851,The Dart Gun Wedding,The Dart Gun Wedding,1964,25,"Comedy,War",6.7,33,6,writer,written by,2,35,William Raynor,1920,1994,"writer,miscellaneous,script_department"
tt79686906,Dear Diary,Dear Diary,1964,30,"Comedy,War",6.9,42,6,writer,written by,2,23,William Raynor,1920,1994,"writer,miscellaneous,script_department"
tt65626866,Its a Mad Mad Mad War,Its a Mad Mad Mad War,1964,25,"Comedy,War",6.7,36,6,writer,written by,3,3,William Raynor,1920,1994,"writer,miscellaneous,script_department"
tt81302926,Laugh Captain Laugh,Laugh Captain Laugh,1964,25,"Comedy,War",6.3,33,6,writer,written by,3,6,William Raynor,1920,1994,"writer,miscellaneous,script_department"
tt95492130,The Big Impersonation,The Big Impersonation,1964,30,"Comedy,War",7.5,42,6,writer,teleplay,2,21,William Raynor,1920,1994,"writer,miscellaneous,script_department"
tt50234566,The Missing Link,The Missing Link,1964,25,"Comedy,War",7.1,41,6,writer,written by,3,14,William Raynor,1920,1994,"writer,miscellaneous,script_department"
tt27276832,The Novocain Mutiny,The Novocain Mutiny,1964,25,"Comedy,War",6.2,33,6,writer,written by,2,25,William Raynor,1920,1994,"writer,miscellaneous,script_department"
tt86582051,Wholl Buy My Sarongs,Wholl Buy My Sarongs,1964,30,"Comedy,War",6.6,37,6,writer,written by,2,19,William Raynor,1920,1994,"writer,miscellaneous,script_department"
tt45355856,The NonPermanent Wave,The NonPermanent Wave,1964,30,Comedy,6.8,7,6,writer,written by,1,2,William Raynor,1920,1994,"writer,miscellaneous,script_department"
tt31176180,The McHale Mob,The McHale Mob,1964,25,"Comedy,War",6.7,33,6,writer,written by,2,32,William Raynor,1920,1994,"writer,miscellaneous,script_department"
tt10130240,The Ghosts of 73,The Ghosts of 73,1964,25,"Comedy,War",7.2,36,6,writer,written by,3,1,William Raynor,1920,1994,"writer,miscellaneous,script_department"
tt79000129,The Dart Gun Wedding,The Dart Gun Wedding,1964,25,"Comedy,War",6.7,33,7,writer,written by,2,35,Myles Wilder,1933,2010,"writer,miscellaneous,producer"
tt98595901,Dear Diary,Dear Diary,1964,30,"Comedy,War",6.9,42,7,writer,written by,2,23,Myles Wilder,1933,2010,"writer,miscellaneous,producer"
tt88508183,Its a Mad Mad Mad War,Its a Mad Mad Mad War,1964,25,"Comedy,War",6.7,36,7,writer,written by,3,3,Myles Wilder,1933,2010,"writer,miscellaneous,producer"
tt65320049,Laugh Captain Laugh,Laugh Captain Laugh,1964,25,"Comedy,War",6.3,33,7,writer,written by,3,6,Myles Wilder,1933,2010,"writer,miscellaneous,producer"
tt10611144,The Big Impersonation,The Big Impersonation,1964,30,"Comedy,War",7.5,42,7,writer,teleplay,2,21,Myles Wilder,1933,2010,"writer,miscellaneous,producer"
tt20738822,The Missing Link,The Missing Link,1964,25,"Comedy,War",7.1,41,7,writer,written by,3,14,Myles Wilder,1933,2010,"writer,miscellaneous,producer"
tt69512304,The Novocain Mutiny,The Novocain Mutiny,1964,25,"Comedy,War",6.2,33,7,writer,written by,2,25,Myles Wilder,1933,2010,"writer,miscellaneous,producer"
tt78079106,Wholl Buy My Sarongs,Wholl Buy My Sarongs,1964,30,"Comedy,War",6.6,37,7,writer,written by,2,19,Myles Wilder,1933,2010,"writer,miscellaneous,producer"
tt24255802,The NonPermanent Wave,The NonPermanent Wave,1964,30,Comedy,6.8,7,7,writer,written by,1,2,Myles Wilder,1933,2010,"writer,miscellaneous,producer"
tt86187827,The McHale Mob,The McHale Mob,1964,25,"Comedy,War",6.7,33,7,writer,written by,2,32,Myles Wilder,1933,2010,"writer,miscellaneous,producer"
tt81141399,The Ghosts of 73,The Ghosts of 73,1964,25,"Comedy,War",7.2,36,7,writer,written by,3,1,Myles Wilder,1933,2010,"writer,miscellaneous,producer"
tt47345476,The Daleks,The Daleks,1964,24,"Adventure,Drama,Family",8.0,721,10,production_designer,designer,2,5,Spencer Chapman,1938,2022,"production_designer,art_department"
tt44638369,The Waking Ally,The Waking Ally,1964,25,"Adventure,Drama,Family",7.8,646,10,production_designer,designer,2,8,Spencer Chapman,1938,2022,"production_designer,art_department"
tt56547970,My Son My Son,My Son My Son,1964,60,Western,7.0,90,6,writer,written by,5,16,Denne Bart Petitclerc,1929,2006,"writer,miscellaneous,producer"
tt41793403,A Circle of Strangers,A Circle of Strangers,1964,75,"Crime,Drama",5.3,8,9,cinematographer,director of photography,1,24,Ray Flin,1905,1969,"cinematographer,camera_department"
tt18443019,Annie Shoots Down the Cupid,Annie Shoots Down the Cupid,1964,30,Comedy,6.7,7,10,cinematographer,director of photography,1,4,Ray Flin,1905,1969,"cinematographer,camera_department"
tt34243895,Roar from the Mountain,Roar from the Mountain,1964,75,Western,6.9,72,10,cinematographer,director of photography,2,16,Ray Flin,1905,1969,"cinematographer,camera_department"
tt96790745,The Last Circle Up,The Last Circle Up,1964,75,Western,8.2,40,7,cinematographer,director of photography,7,32,Ray Flin,1905,1969,"cinematographer,camera_department"
tt86672733,The Link Cheney Story,The Link Cheney Story,1964,73,Western,8.1,36,8,cinematographer,director of photography,7,30,Ray Flin,1905,1969,"cinematographer,camera_department"
tt19734797,The Zebedee Titus Story,The Zebedee Titus Story,1964,75,Western,8.6,50,8,cinematographer,director of photography,7,31,Ray Flin,1905,1969,"cinematographer,camera_department"
tt43617740,The NonPermanent Wave,The NonPermanent Wave,1964,30,Comedy,6.8,7,10,cinematographer,director of photography,1,2,Ray Flin,1905,1969,"cinematographer,camera_department"
tt98647433,Adrian Gets Nipped,Adrian Gets Nipped,1964,30,Comedy,6.0,6,9,cinematographer,director of photography,1,7,Ray Flin,1905,1969,"cinematographer,camera_department"
tt77223493,Kill Em with Kindness,Kill Em with Kindness,1964,30,Comedy,6.4,6,10,cinematographer,director of photography,1,3,Ray Flin,1905,1969,"cinematographer,camera_department"
tt69868622,A Choice of Coward 2 Blithe Spirit,A Choice of Coward 2 Blithe Spirit,1964,73,"Comedy,Drama",7.6,7,7,writer,adaptation,9,52,Gerald Savory,1909,1996,"writer,producer,script_department"
tt91173823,The Other Man,The Other Man,1964,150,"Comedy,Drama",8.8,18,7,producer,producer,10,1,Gerald Savory,1909,1996,"writer,producer,script_department"
tt43107922,Angels Travel on Lonely Roads Part 1,Angels Travel on Lonely Roads Part 1,1964,51,"Adventure,Crime,Drama",8.0,190,6,writer,written by,1,22,Al C. Ward,1919,2009,"writer,producer,director"
tt90102313,Angels Travel on Lonely Roads Part 2,Angels Travel on Lonely Roads Part 2,1964,51,"Adventure,Crime,Drama",8.1,187,6,writer,written by,1,23,Al C. Ward,1919,2009,"writer,producer,director"
tt88233081,Golden Boy Had Nine Black Sheep,Golden Boy Had Nine Black Sheep,1964,60,"Drama,War",8.6,77,6,writer,writer,1,1,Al C. Ward,1919,2009,"writer,producer,director"
tt61001267,Heres to Courageous Cowards,Heres to Courageous Cowards,1964,60,"Drama,War",8.2,47,6,writer,writer,1,11,Al C. Ward,1919,2009,"writer,producer,director"
tt83337389,A Matter of Destiny,A Matter of Destiny,1964,73,Western,8.2,83,6,writer,writer,2,21,Al C. Ward,1919,2009,"writer,producer,director"
tt19126747,An Act of War,An Act of War,1964,60,"Drama,War",7.6,40,9,producer,producer,1,14,Frank Glicksman,1921,1984,"writer,producer,miscellaneous"
tt19143954,Appointment at Liege,Appointment at Liege,1964,60,"Drama,War",8.0,46,10,producer,producer,1,9,Frank Glicksman,1921,1984,"writer,producer,miscellaneous"
tt25613234,Decision,Decision,1964,60,"Drama,War",8.4,40,10,producer,producer,1,7,Frank Glicksman,1921,1984,"writer,producer,miscellaneous"
tt57128295,Follow the Leader,Follow the Leader,1964,60,"Drama,War",8.6,55,9,producer,producer,1,2,Frank Glicksman,1921,1984,"writer,producer,miscellaneous"
tt63517558,Golden Boy Had Nine Black Sheep,Golden Boy Had Nine Black Sheep,1964,60,"Drama,War",8.6,77,9,producer,producer,1,1,Frank Glicksman,1921,1984,"writer,producer,miscellaneous"
tt83014777,Heres to Courageous Cowards,Heres to Courageous Cowards,1964,60,"Drama,War",8.2,47,9,producer,producer,1,11,Frank Glicksman,1921,1984,"writer,producer,miscellaneous"
tt12335512,The Hours Before Dawn,The Hours Before Dawn,1964,60,"Drama,War",7.8,45,9,producer,producer,1,8,Frank Glicksman,1921,1984,"writer,producer,miscellaneous"
tt56487338,Interlude,Interlude,1964,60,"Drama,War",8.5,55,9,producer,producer,1,10,Frank Glicksman,1921,1984,"writer,producer,miscellaneous"
tt21891828,Pressure Point,Pressure Point,1964,60,"Drama,War",8.5,51,9,producer,producer,1,6,Frank Glicksman,1921,1984,"writer,producer,miscellaneous"
tt56615336,Soldiers Sometimes Kill,Soldiers Sometimes Kill,1964,60,"Drama,War",7.9,44,10,producer,producer,1,12,Frank Glicksman,1921,1984,"writer,producer,miscellaneous"
tt36300939,The Sound of Distant Thunder,The Sound of Distant Thunder,1964,60,"Drama,War",8.3,57,9,producer,producer,1,4,Frank Glicksman,1921,1984,"writer,producer,miscellaneous"
tt40662328,The Climate of Doubt,The Climate of Doubt,1964,60,"Drama,War",8.4,49,9,producer,producer,1,5,Frank Glicksman,1921,1984,"writer,producer,miscellaneous"
tt83753336,The Men and the Boys,The Men and the Boys,1964,60,"Drama,War",8.6,56,9,producer,producer,1,3,Frank Glicksman,1921,1984,"writer,producer,miscellaneous"
tt40394159,A Gift of Hope,A Gift of Hope,1964,60,"Action,Drama,War",8.4,74,7,producer,producer,3,11,Gene Levitt,1920,1999,"writer,producer,director"
tt29477942,A Rare Vintage,A Rare Vintage,1964,60,"Action,Drama,War",8.3,71,8,producer,producer,3,12,Gene Levitt,1920,1999,"writer,producer,director"
tt11587826,A Silent Cry,A Silent Cry,1964,60,"Action,Drama,War",8.5,82,7,producer,producer,2,23,Gene Levitt,1920,1999,"writer,producer,director"
tt66335446,Command,Command,1964,60,"Action,Drama,War",8.5,77,8,producer,producer,2,30,Gene Levitt,1920,1999,"writer,producer,director"
tt14333941,Mountain Man,Mountain Man,1964,60,"Action,Drama,War",7.9,85,7,producer,producer,3,1,Gene Levitt,1920,1999,"writer,producer,director"
tt78226239,Point of View,Point of View,1964,60,"Action,Drama,War",8.8,78,7,producer,producer,3,3,Gene Levitt,1920,1999,"writer,producer,director"
tt92099558,Rescue,Rescue,1964,60,"Action,Drama,War",8.6,85,7,producer,producer,2,29,Gene Levitt,1920,1999,"writer,producer,director"
tt21927023,Silver Service,Silver Service,1964,60,"Action,Drama,War",7.7,86,9,producer,producer,3,5,Gene Levitt,1920,1999,"writer,producer,director"
tt33183531,The Duel,The Duel,1964,60,"Action,Drama,War",8.9,108,7,producer,producer,3,4,Gene Levitt,1920,1999,"writer,producer,director"
tt91628004,The General and the Sergeant,The General and the Sergeant,1964,60,"Action,Drama,War",8.6,91,7,producer,producer,2,18,Gene Levitt,1920,1999,"writer,producer,director"
tt28004267,The Glory Among Men,The Glory Among Men,1964,60,"Action,Drama,War",8.9,86,6,producer,producer,2,32,Gene Levitt,1920,1999,"writer,producer,director"
tt22380111,The Hard Way Back,The Hard Way Back,1964,60,"Action,Drama,War",8.5,72,7,producer,producer,3,6,Gene Levitt,1920,1999,"writer,producer,director"
tt50166529,The Hunter,The Hunter,1964,60,"Action,Drama,War",8.2,83,7,producer,producer,2,24,Gene Levitt,1920,1999,"writer,producer,director"
tt44844504,The Little Carousel,The Little Carousel,1964,60,"Action,Drama,War",8.9,108,6,writer,written by,3,8,Gene Levitt,1920,1999,"writer,producer,director"
tt12696007,The Long Walk,The Long Walk,1964,60,"Action,Drama,War",8.7,80,7,producer,producer,3,13,Gene Levitt,1920,1999,"writer,producer,director"
tt33997747,Vendetta,Vendetta,1964,60,"Action,Drama,War",7.8,85,8,producer,producer,3,2,Gene Levitt,1920,1999,"writer,producer,director"
tt66200455,Weep No More,Weep No More,1964,60,"Action,Drama,War",7.4,83,7,producer,producer,2,27,Gene Levitt,1920,1999,"writer,producer,director"
tt26756407,What Are the Bugles Blowin For Part 1,What Are the Bugles Blowin For Part 1,1964,60,"Action,Drama,War",8.7,95,7,producer,producer,2,25,Gene Levitt,1920,1999,"writer,producer,director"
tt20910365,What Are the Bugles Blowin For Part 2,What Are the Bugles Blowin For Part 2,1964,60,"Action,Drama,War",8.8,88,7,producer,producer,2,26,Gene Levitt,1920,1999,"writer,producer,director"
tt38184093,Fours a Crowd,Fours a Crowd,1965,25,Comedy,7.7,7,6,writer,written by,1,14,William Raynor,1920,1994,"writer,miscellaneous,script_department"
tt13155056,The Seven Faces of Ensign Parker,The Seven Faces of Ensign Parker,1965,30,"Comedy,War",7.7,36,6,writer,written by,3,23,William Raynor,1920,1994,"writer,miscellaneous,script_department"
tt70483626,Chuckie Cottontail,Chuckie Cottontail,1965,30,"Comedy,War",6.5,32,6,writer,teleplay,3,27,William Raynor,1920,1994,"writer,miscellaneous,script_department"
tt62107041,Hello McHale Colonna,Hello McHale Colonna,1965,30,"Comedy,War",7.0,30,6,writer,written by,3,30,William Raynor,1920,1994,"writer,miscellaneous,script_department"
tt56820039,The Vampire of Taratupa,The Vampire of Taratupa,1965,30,"Comedy,War",6.9,39,6,writer,written by,3,33,William Raynor,1920,1994,"writer,miscellaneous,script_department"
tt73014164,Piazza Binghamtoni,Piazza Binghamtoni,1965,30,"Comedy,War",7.1,29,6,writer,written by,4,6,William Raynor,1920,1994,"writer,miscellaneous,script_department"
tt72929943,A Wine Cellar Is Not a Home,A Wine Cellar Is Not a Home,1965,30,"Comedy,War",7.4,31,6,writer,written by,4,9,William Raynor,1920,1994,"writer,miscellaneous,script_department"
tt29241945,Fours a Crowd,Fours a Crowd,1965,25,Comedy,7.7,7,7,writer,written by,1,14,Myles Wilder,1933,2010,"writer,miscellaneous,producer"
tt91804422,The Seven Faces of Ensign Parker,The Seven Faces of Ensign Parker,1965,30,"Comedy,War",7.7,36,7,writer,written by,3,23,Myles Wilder,1933,2010,"writer,miscellaneous,producer"
tt12418918,Chuckie Cottontail,Chuckie Cottontail,1965,30,"Comedy,War",6.5,32,7,writer,teleplay,3,27,Myles Wilder,1933,2010,"writer,miscellaneous,producer"
tt30839513,Hello McHale Colonna,Hello McHale Colonna,1965,30,"Comedy,War",7.0,30,7,writer,written by,3,30,Myles Wilder,1933,2010,"writer,miscellaneous,producer"
tt52163505,The Vampire of Taratupa,The Vampire of Taratupa,1965,30,"Comedy,War",6.9,39,7,writer,written by,3,33,Myles Wilder,1933,2010,"writer,miscellaneous,producer"
tt75611583,Piazza Binghamtoni,Piazza Binghamtoni,1965,30,"Comedy,War",7.1,29,7,writer,written by,4,6,Myles Wilder,1933,2010,"writer,miscellaneous,producer"
tt45233578,A Wine Cellar Is Not a Home,A Wine Cellar Is Not a Home,1965,30,"Comedy,War",7.4,31,7,writer,written by,4,9,Myles Wilder,1933,2010,"writer,miscellaneous,producer"
tt76014013,Der Brief,Der Brief,1965,65,"Crime,Drama",7.9,12,6,writer,teleplay,3,1,Bruno Hampel,1920,1996,"writer,actor"
tt25102549,Die Brille,Die Brille,1965,60,"Crime,Drama",6.9,11,6,writer,teleplay,3,6,Bruno Hampel,1920,1996,"writer,actor"
tt20097043,POW Part One,POW Part One,1965,60,"Drama,War",8.4,34,6,writer,writer,1,30,Al C. Ward,1919,2009,"writer,producer,director"
tt98407706,POW Part Two,POW Part Two,1965,60,"Drama,War",8.3,37,6,writer,writer,1,31,Al C. Ward,1919,2009,"writer,producer,director"
tt75933345,The Ticket,The Ticket,1965,60,"Drama,War",7.9,32,6,writer,writer,1,22,Al C. Ward,1919,2009,"writer,producer,director"
tt71325196,V for Vendetta,V for Vendetta,1965,60,"Drama,War",8.7,35,6,writer,writer,1,29,Al C. Ward,1919,2009,"writer,producer,director"
tt89496799,A Stranger to the House,A Stranger to the House,1965,60,Drama,7.6,8,9,producer,producer,1,3,Frank Glicksman,1921,1984,"writer,producer,miscellaneous"
tt94376544,A Time for Living,A Time for Living,1965,60,Drama,8.4,8,9,producer,producer,1,2,Frank Glicksman,1921,1984,"writer,producer,miscellaneous"
tt69398423,The Twisted Image Part 1,The Twisted Image Part 1,1965,60,Drama,8.8,6,8,producer,producer,1,4,Frank Glicksman,1921,1984,"writer,producer,miscellaneous"
tt94171555,The Twisted Image Part 2,The Twisted Image Part 2,1965,60,Drama,8.8,6,8,producer,producer,1,5,Frank Glicksman,1921,1984,"writer,producer,miscellaneous"
tt31973177,The Cry of Fallen Birds,The Cry of Fallen Birds,1965,60,"Drama,War",7.8,37,10,producer,producer,1,28,Frank Glicksman,1921,1984,"writer,producer,miscellaneous"
tt12401468,Faith Hope and Sergeant Aronson,Faith Hope and Sergeant Aronson,1965,60,"Drama,War",8.5,53,9,producer,producer,1,19,Frank Glicksman,1921,1984,"writer,producer,miscellaneous"
tt72944526,In Search of My Enemy,In Search of My Enemy,1965,60,"Drama,War",8.1,40,10,producer,producer,1,16,Frank Glicksman,1921,1984,"writer,producer,miscellaneous"
tt46557522,Mutiny at Ten Thousand Feet,Mutiny at Ten Thousand Feet,1965,60,"Drama,War",8.6,41,9,producer,producer,1,26,Frank Glicksman,1921,1984,"writer,producer,miscellaneous"
tt31082460,POW Part One,POW Part One,1965,60,"Drama,War",8.4,34,9,producer,producer,1,30,Frank Glicksman,1921,1984,"writer,producer,miscellaneous"
tt48703472,POW Part Two,POW Part Two,1965,60,"Drama,War",8.3,37,9,producer,producer,1,31,Frank Glicksman,1921,1984,"writer,producer,miscellaneous"
tt88212024,The Albatross,The Albatross,1965,60,"Drama,War",7.2,35,9,producer,producer,1,17,Frank Glicksman,1921,1984,"writer,producer,miscellaneous"
tt79107063,The Clash,The Clash,1965,60,"Drama,War",7.9,32,10,producer,producer,1,21,Frank Glicksman,1921,1984,"writer,producer,miscellaneous"
tt92110523,End of the Line,End of the Line,1965,60,"Drama,War",7.7,39,9,producer,producer,1,24,Frank Glicksman,1921,1984,"writer,producer,miscellaneous"
tt86975161,The Lorelei,The Lorelei,1965,60,"Drama,War",8.5,49,9,producer,producer,1,18,Frank Glicksman,1921,1984,"writer,producer,miscellaneous"
tt77526284,The Mission,The Mission,1965,60,"Drama,War",8.8,40,9,producer,producer,1,27,Frank Glicksman,1921,1984,"writer,producer,miscellaneous"
tt68923330,The Threat,The Threat,1965,60,"Drama,War",8.1,39,9,producer,producer,1,25,Frank Glicksman,1921,1984,"writer,producer,miscellaneous"
tt38411238,The Ticket,The Ticket,1965,60,"Drama,War",7.9,32,9,producer,producer,1,22,Frank Glicksman,1921,1984,"writer,producer,miscellaneous"
tt55244055,The Trap,The Trap,1965,60,"Drama,War",8.7,37,9,producer,producer,1,23,Frank Glicksman,1921,1984,"writer,producer,miscellaneous"
tt69392244,Those Who Are About to Die,Those Who Are About to Die,1965,60,"Drama,War",8.0,44,9,producer,producer,1,15,Frank Glicksman,1921,1984,"writer,producer,miscellaneous"
tt21101023,To Heinie with Love,To Heinie with Love,1965,60,"Drama,War",8.2,39,10,producer,producer,1,20,Frank Glicksman,1921,1984,"writer,producer,miscellaneous"
tt56127849,V for Vendetta,V for Vendetta,1965,60,"Drama,War",8.7,35,9,producer,producer,1,29,Frank Glicksman,1921,1984,"writer,producer,miscellaneous"
tt93535387,9 Place Vendee,9 Place Vendee,1965,60,"Action,Drama,War",8.1,63,8,producer,producer,4,9,Gene Levitt,1920,1999,"writer,producer,director"
tt63477869,Billy the Kid,Billy the Kid,1965,60,"Action,Drama,War",8.9,69,9,producer,producer,3,29,Gene Levitt,1920,1999,"writer,producer,director"
tt32107216,Breakout,Breakout,1965,60,"Action,Drama,War",8.0,58,7,producer,producer,4,14,Gene Levitt,1920,1999,"writer,producer,director"
tt62506432,Brother Brother,Brother Brother,1965,60,"Action,Drama,War",7.8,63,7,producer,producer,3,20,Gene Levitt,1920,1999,"writer,producer,director"
tt94604299,Dateline,Dateline,1965,60,"Action,Drama,War",8.0,69,7,producer,producer,3,23,Gene Levitt,1920,1999,"writer,producer,director"
tt38961295,Evasion,Evasion,1965,60,"Action,Drama,War",8.4,82,8,producer,producer,4,6,Gene Levitt,1920,1999,"writer,producer,director"
tt78880403,Hear No Evil,Hear No Evil,1965,60,"Action,Drama,War",8.6,80,8,producer,producer,4,7,Gene Levitt,1920,1999,"writer,producer,director"
tt48795498,Losers Cry Deal,Losers Cry Deal,1965,60,"Action,Drama,War",8.6,77,6,producer,producer,3,18,Gene Levitt,1920,1999,"writer,producer,director"
tt95697467,Luck with Rainbows,Luck with Rainbows,1965,60,"Action,Drama,War",8.1,60,8,producer,producer,4,13,Gene Levitt,1920,1999,"writer,producer,director"
tt57562830,More Than a Soldier,More Than a Soldier,1965,60,"Action,Drama,War",8.6,70,7,producer,producer,3,19,Gene Levitt,1920,1999,"writer,producer,director"
tt83300313,The Casket,The Casket,1965,60,"Action,Drama,War",8.1,74,8,producer,producer,4,12,Gene Levitt,1920,1999,"writer,producer,director"
tt55299034,The Cassock,The Cassock,1965,60,"Action,Drama,War",8.9,82,9,producer,producer,3,17,Gene Levitt,1920,1999,"writer,producer,director"
tt19230005,The Convict,The Convict,1965,60,"Action,Drama,War",8.4,65,8,producer,producer,3,22,Gene Levitt,1920,1999,"writer,producer,director"
tt95840946,The Hell Machine,The Hell Machine,1965,60,"Action,Drama,War",8.9,87,7,producer,producer,3,28,Gene Levitt,1920,1999,"writer,producer,director"
tt63072843,The Linesman,The Linesman,1965,60,"Action,Drama,War",8.1,78,6,writer,story,4,4,Gene Levitt,1920,1999,"writer,producer,director"
tt85369763,Island of the Darned,Island of the Darned,1966,25,"Action,Adventure,Comedy",7.7,160,8,writer,teleplay by,2,11,William Raynor,1920,1994,"writer,miscellaneous,script_department"
tt28260658,Coup de Grace,Coup de Grace,1966,60,Western,6.5,26,6,writer,writer,2,4,William Raynor,1920,1994,"writer,miscellaneous,script_department"
tt82322998,Fire in the Liquor Locker,Fire in the Liquor Locker,1966,30,"Comedy,War",7.0,27,6,writer,written by,4,17,William Raynor,1920,1994,"writer,miscellaneous,script_department"
tt78562199,The Fugitive Ensign,The Fugitive Ensign,1966,30,"Comedy,War",6.7,30,6,writer,written by,4,18,William Raynor,1920,1994,"writer,miscellaneous,script_department"
tt14644395,Island of the Darned,Island of the Darned,1966,25,"Action,Adventure,Comedy",7.7,160,9,writer,teleplay by,2,11,Myles Wilder,1933,2010,"writer,miscellaneous,producer"
tt92022571,Coup de Grace,Coup de Grace,1966,60,Western,6.5,26,7,writer,writer,2,4,Myles Wilder,1933,2010,"writer,miscellaneous,producer"
tt61569388,Fire in the Liquor Locker,Fire in the Liquor Locker,1966,30,"Comedy,War",7.0,27,7,writer,written by,4,17,Myles Wilder,1933,2010,"writer,miscellaneous,producer"
tt24774773,The Fugitive Ensign,The Fugitive Ensign,1966,30,"Comedy,War",6.7,30,7,writer,written by,4,18,Myles Wilder,1933,2010,"writer,miscellaneous,producer"
tt75669542,Die ägyptische Katze,Die ägyptische Katze,1966,73,Drama,8.4,8,6,writer,written by,4,2,Bruno Hampel,1920,1996,"writer,actor"
tt72771048,Three Brides for Hoss,Three Brides for Hoss,1966,60,Western,6.9,85,7,writer,story consultant,7,22,Denne Bart Petitclerc,1929,2006,"writer,miscellaneous,producer"
tt21131670,A Long Night of Mourning,A Long Night of Mourning,1966,51,Western,7.0,13,7,writer,teleplay,1,13,Denne Bart Petitclerc,1929,2006,"writer,miscellaneous,producer"
tt28313327,A Mand Be Proud,A Mand Be Proud,1966,51,Western,8.2,12,7,writer,writer,1,17,Denne Bart Petitclerc,1929,2006,"writer,miscellaneous,producer"
tt74068509,An Echo of Anger,An Echo of Anger,1966,51,Western,7.5,17,9,producer,producer,1,4,Denne Bart Petitclerc,1929,2006,"writer,miscellaneous,producer"
tt64525682,High Road to Viator,High Road to Viator,1966,51,Western,7.6,13,8,producer,producer,1,10,Denne Bart Petitclerc,1929,2006,"writer,miscellaneous,producer"
tt77140064,Poor Toms ACold,Poor Toms ACold,1966,51,Western,6.0,16,8,producer,producer,1,9,Denne Bart Petitclerc,1929,2006,"writer,miscellaneous,producer"
tt42282214,The Big Fifty,The Big Fifty,1966,51,Western,6.0,13,9,producer,producer,1,14,Denne Bart Petitclerc,1929,2006,"writer,miscellaneous,producer"
tt72637638,The Bitter the Lonely,The Bitter the Lonely,1966,60,Western,7.3,18,8,producer,producer,1,5,Denne Bart Petitclerc,1929,2006,"writer,miscellaneous,producer"
tt39871753,The Day the Wolf Laughed,The Day the Wolf Laughed,1966,50,Western,8.3,17,6,writer,writer,1,11,Denne Bart Petitclerc,1929,2006,"writer,miscellaneous,producer"
tt15778536,The Great Invasion Part 1,The Great Invasion Part 1,1966,60,Western,7.7,17,8,producer,producer,1,15,Denne Bart Petitclerc,1929,2006,"writer,miscellaneous,producer"
tt61759214,The Great Invasion Part 2,The Great Invasion Part 2,1966,60,Western,7.4,14,8,producer,producer,1,16,Denne Bart Petitclerc,1929,2006,"writer,miscellaneous,producer"
tt70600868,The Hant,The Hant,1966,51,Western,6.5,15,8,producer,producer,1,2,Denne Bart Petitclerc,1929,2006,"writer,miscellaneous,producer"
tt86140693,The Other Image,The Other Image,1966,60,Western,6.5,14,8,producer,producer,1,8,Denne Bart Petitclerc,1929,2006,"writer,miscellaneous,producer"
tt18771722,The Silent Gift,The Silent Gift,1966,60,Western,7.6,14,8,producer,producer,1,12,Denne Bart Petitclerc,1929,2006,"writer,miscellaneous,producer"
tt24967939,The Wild Geese,The Wild Geese,1966,60,Western,7.8,17,8,producer,producer,1,3,Denne Bart Petitclerc,1929,2006,"writer,miscellaneous,producer"
tt37964044,Harvest of Strangers,Harvest of Strangers,1966,75,Western,6.6,57,10,cinematographer,director of photography,4,22,Ray Flin,1905,1969,"cinematographer,camera_department"
tt61553597,The Mark of a Man,The Mark of a Man,1966,75,Western,7.6,52,10,cinematographer,director of photography,4,30,Ray Flin,1905,1969,"cinematographer,camera_department"
tt97567769,Ill Wind,Ill Wind,1966,50,"Adventure,Crime,Drama",8.5,173,6,writer,written by,3,24,Al C. Ward,1919,2009,"writer,producer,director"
tt92891993,Court Martial,Court Martial,1966,60,Western,6.6,10,7,producer,producer,1,11,Al C. Ward,1919,2009,"writer,producer,director"
tt54180914,The Friendly Enemy,The Friendly Enemy,1966,60,Western,6.2,9,7,producer,producer,1,10,Al C. Ward,1919,2009,"writer,producer,director"
tt47023720,Gold Fever,Gold Fever,1966,60,Western,6.0,11,7,producer,producer,1,14,Al C. Ward,1919,2009,"writer,producer,director"
tt30000306,Incident at the Hanging Tree,Incident at the Hanging Tree,1966,60,Western,7.2,12,7,producer,producer,1,6,Al C. Ward,1919,2009,"writer,producer,director"
tt38234158,Lost in the Wilderness,Lost in the Wilderness,1966,60,Western,6.9,9,7,producer,producer,1,13,Al C. Ward,1919,2009,"writer,producer,director"
tt14705861,Night of the Wolf,Night of the Wolf,1966,60,Western,6.9,15,8,producer,producer,1,2,Al C. Ward,1919,2009,"writer,producer,director"
tt34518768,Ordeal by Hope,Ordeal by Hope,1966,60,Western,7.1,12,6,producer,producer,1,7,Al C. Ward,1919,2009,"writer,producer,director"
tt90730177,Pawnee Warrior,Pawnee Warrior,1966,60,Western,6.4,9,7,producer,producer,1,16,Al C. Ward,1919,2009,"writer,producer,director"
tt81819241,Range War,Range War,1966,60,Western,6.8,11,7,producer,producer,1,15,Al C. Ward,1919,2009,"writer,producer,director"
tt74801633,Ride with Terror,Ride with Terror,1966,60,Western,7.7,15,7,producer,producer,1,3,Al C. Ward,1919,2009,"writer,producer,director"
tt28890562,Silent Night Deadly Night,Silent Night Deadly Night,1966,60,Western,6.9,8,7,producer,producer,1,12,Al C. Ward,1919,2009,"writer,producer,director"
tt73372741,The Forest Devil,The Forest Devil,1966,60,Western,7.2,14,7,producer,producer,1,4,Al C. Ward,1919,2009,"writer,producer,director"
tt92544226,The Hunter,The Hunter,1966,60,Western,6.8,10,7,producer,producer,1,8,Al C. Ward,1919,2009,"writer,producer,director"
tt69604645,The Intruders,The Intruders,1966,60,Western,7.7,22,7,producer,producer,1,1,Al C. Ward,1919,2009,"writer,producer,director"
tt96946130,War Arrow,War Arrow,1966,60,Western,6.6,10,7,producer,producer,1,9,Al C. Ward,1919,2009,"writer,producer,director"
tt94747218,Wild Dog of the Tetons,Wild Dog of the Tetons,1966,60,Western,6.9,12,7,producer,producer,1,5,Al C. Ward,1919,2009,"writer,producer,director"
tt95245232,Day of Thunder,Day of Thunder,1966,60,Drama,9.0,6,8,producer,producer,1,17,Frank Glicksman,1921,1984,"writer,producer,miscellaneous"
tt46564898,Run Sheep Run,Run Sheep Run,1966,60,"Action,Drama,War",8.3,69,8,producer,producer,4,30,Gene Levitt,1920,1999,"writer,producer,director"
tt32653207,The Flying Machine,The Flying Machine,1966,60,"Action,Drama,War",7.8,63,7,producer,producer,4,24,Gene Levitt,1920,1999,"writer,producer,director"
tt46487985,The Ringer,The Ringer,1966,60,"Action,Drama,War",8.2,62,8,producer,producer,4,23,Gene Levitt,1920,1999,"writer,producer,director"
tt42713638,In a Plain Paper Wrapper,In a Plain Paper Wrapper,1966,50,"Adventure,Crime,Drama",7.5,133,8,writer,story,3,29,Glen A. Larson,1937,2014,"writer,producer,music_department"
tt66145067,Lady of the House,Lady of the House,1967,75,Western,7.4,61,6,writer,writer,5,28,Leslie Stevens,1924,1998,"writer,producer,miscellaneous"
tt41099207,The Modoc Kid,The Modoc Kid,1967,75,Western,7.8,69,6,writer,writer,5,19,Leslie Stevens,1924,1998,"writer,producer,miscellaneous"
tt16188831,Dr Yes,Dr Yes,1967,25,"Action,Adventure,Comedy",7.4,155,8,writer,written by,3,9,William Raynor,1920,1994,"writer,miscellaneous,script_department"
tt56651222,The Mild Ones,The Mild Ones,1967,25,"Action,Adventure,Comedy",7.7,156,8,writer,written by,3,11,William Raynor,1920,1994,"writer,miscellaneous,script_department"
tt22133669,The Mysterious Dr T,The Mysterious Dr T,1967,25,"Action,Adventure,Comedy",8.1,156,8,writer,written by,3,13,William Raynor,1920,1994,"writer,miscellaneous,script_department"
tt59145625,Friendly Freddy Strikes Again,Friendly Freddy Strikes Again,1967,30,"Comedy,War",7.1,50,6,writer,written by,4,13,William Raynor,1920,1994,"writer,miscellaneous,script_department"
tt83605248,The Aunt Who Came to Dinner,The Aunt Who Came to Dinner,1967,30,"Comedy,Family",6.8,35,6,writer,written by,8,13,William Raynor,1920,1994,"writer,miscellaneous,script_department"
tt80204366,Dr Yes,Dr Yes,1967,25,"Action,Adventure,Comedy",7.4,155,9,writer,written by,3,9,Myles Wilder,1933,2010,"writer,miscellaneous,producer"
tt38295710,The Mild Ones,The Mild Ones,1967,25,"Action,Adventure,Comedy",7.7,156,9,writer,written by,3,11,Myles Wilder,1933,2010,"writer,miscellaneous,producer"
tt12490638,The Mysterious Dr T,The Mysterious Dr T,1967,25,"Action,Adventure,Comedy",8.1,156,9,writer,written by,3,13,Myles Wilder,1933,2010,"writer,miscellaneous,producer"
tt19834211,Friendly Freddy Strikes Again,Friendly Freddy Strikes Again,1967,30,"Comedy,War",7.1,50,7,writer,written by,4,13,Myles Wilder,1933,2010,"writer,miscellaneous,producer"
tt26905036,The Aunt Who Came to Dinner,The Aunt Who Came to Dinner,1967,30,"Comedy,Family",6.8,35,7,writer,written by,8,13,Myles Wilder,1933,2010,"writer,miscellaneous,producer"
tt32886838,Die Briefmarke,Die Briefmarke,1967,75,"Crime,Drama",7.2,14,6,writer,teleplay,5,7,Bruno Hampel,1920,1996,"writer,actor"
tt71311521,Die Kamera,Die Kamera,1967,75,"Crime,Drama",6.9,11,6,writer,teleplay,5,8,Bruno Hampel,1920,1996,"writer,actor"
tt56929659,Die Kiste,Die Kiste,1967,75,"Crime,Drama",8.5,15,6,writer,teleplay,5,3,Bruno Hampel,1920,1996,"writer,actor"
tt60402658,Die Zündschnur,Die Zündschnur,1967,75,"Crime,Drama",6.5,11,6,writer,teleplay,5,9,Bruno Hampel,1920,1996,"writer,actor"
tt20958847,Die rote Maske,Die rote Maske,1967,75,"Crime,Drama",8.4,12,6,writer,teleplay,5,4,Bruno Hampel,1920,1996,"writer,actor"
tt39390468,Destination Tucson,Destination Tucson,1967,60,Western,7.9,136,7,writer,teleplay,1,1,Denne Bart Petitclerc,1929,2006,"writer,miscellaneous,producer"
tt35088061,The Arrangement,The Arrangement,1967,60,Western,8.6,115,7,writer,teleplay & story,1,2,Denne Bart Petitclerc,1929,2006,"writer,miscellaneous,producer"
tt32209207,Young Blood,Young Blood,1967,60,Western,8.1,78,6,writer,writer,1,6,Denne Bart Petitclerc,1929,2006,"writer,miscellaneous,producer"
tt56948507,Eat Drink and Be Buried,Eat Drink and Be Buried,1967,60,"Crime,Drama,Mystery",7.4,80,10,cinematographer,director of photography,1,4,Ray Flin,1905,1969,"cinematographer,camera_department"
tt25582052,Tagged for Murder,Tagged for Murder,1967,60,"Crime,Drama,Mystery",8.0,90,10,cinematographer,director of photography,1,7,Ray Flin,1905,1969,"cinematographer,camera_department"
tt13337557,The Fiery Angel Affair,The Fiery Angel Affair,1967,60,"Action,Adventure,Crime",6.8,58,10,cinematographer,director of photography,4,9,Ray Flin,1905,1969,"cinematographer,camera_department"
tt20511035,Better World Next Time,Better World Next Time,1967,60,Drama,7.3,10,9,cinematographer,director of photography,2,29,Ray Flin,1905,1969,"cinematographer,camera_department"
tt86482971,The Mustafa Embrace,The Mustafa Embrace,1967,60,Drama,7.8,8,10,cinematographer,director of photography,3,13,Ray Flin,1905,1969,"cinematographer,camera_department"
tt81965063,Accused,Accused,1967,60,Western,7.0,16,6,writer,writer,1,2,Al C. Ward,1919,2009,"writer,producer,director"
tt44938137,Mark of Death,Mark of Death,1967,60,Western,6.0,8,8,producer,producer,1,17,Al C. Ward,1919,2009,"writer,producer,director"
tt49787792,Race for the Rainbow,Race for the Rainbow,1967,60,Western,5.8,6,7,producer,producer,1,19,Al C. Ward,1919,2009,"writer,producer,director"
tt69221042,To Break a Colt,To Break a Colt,1967,60,Western,6.4,11,7,producer,producer,1,18,Al C. Ward,1919,2009,"writer,producer,director"
tt85963905,Accused,Accused,1967,60,Western,7.0,16,10,producer,producer,1,2,Frank Glicksman,1921,1984,"writer,producer,miscellaneous"
tt65199945,Breakout,Breakout,1967,60,Western,8.6,9,10,producer,producer,1,8,Frank Glicksman,1921,1984,"writer,producer,miscellaneous"
tt57615933,Desperate Mission,Desperate Mission,1967,60,Western,7.6,8,10,producer,producer,1,9,Frank Glicksman,1921,1984,"writer,producer,miscellaneous"
tt83676323,Glory Rider,Glory Rider,1967,60,Western,8.2,14,10,producer,producer,1,3,Frank Glicksman,1921,1984,"writer,producer,miscellaneous"
tt45540795,Massacre,Massacre,1967,60,Western,6.7,13,10,producer,producer,1,5,Frank Glicksman,1921,1984,"writer,producer,miscellaneous"
tt98392536,Spirit Woman,Spirit Woman,1967,60,Western,7.2,6,10,producer,producer,1,14,Frank Glicksman,1921,1984,"writer,producer,miscellaneous"
tt72074165,Suspicion,Suspicion,1967,60,Western,7.8,10,10,producer,producer,1,7,Frank Glicksman,1921,1984,"writer,producer,miscellaneous"
tt85633042,The Gauntlet,The Gauntlet,1967,60,Western,4.8,6,10,producer,producer,1,15,Frank Glicksman,1921,1984,"writer,producer,miscellaneous"
tt39795392,The Raiders,The Raiders,1967,60,Western,6.2,7,10,producer,producer,1,16,Frank Glicksman,1921,1984,"writer,producer,miscellaneous"
tt78754992,To the Death,To the Death,1967,60,Western,6.4,9,9,producer,producer,1,4,Frank Glicksman,1921,1984,"writer,producer,miscellaneous"
tt39269181,Under Fire,Under Fire,1967,60,Western,6.8,6,10,producer,producer,1,10,Frank Glicksman,1921,1984,"writer,producer,miscellaneous"
tt13389319,War Lance and Saber,War Lance and Saber,1967,51,Western,7.5,9,10,producer,producer,1,6,Frank Glicksman,1921,1984,"writer,producer,miscellaneous"
tt45639609,Pursued,Pursued,1967,60,Western,6.7,7,10,producer,producer,1,17,Frank Glicksman,1921,1984,"writer,producer,miscellaneous"
tt79542416,A Riddling Controversy,A Riddling Controversy,1967,25,"Action,Adventure,Comedy",7.1,280,6,writer,written by,2,46,William P. D'Angelo,1932,2002,"producer,director,writer"
tt20392587,Batmans Anniversary,Batmans Anniversary,1967,24,"Action,Adventure,Comedy",7.2,284,6,writer,written by,2,45,William P. D'Angelo,1932,2002,"producer,director,writer"
tt90080989,99 Loses Control,99 Loses Control,1968,25,"Action,Adventure,Comedy",8.4,172,8,writer,written by,3,19,William Raynor,1920,1994,"writer,miscellaneous,script_department"
tt57849940,Spy Spy Birdie,Spy Spy Birdie,1968,24,"Action,Adventure,Comedy",7.9,149,8,writer,written by,3,22,William Raynor,1920,1994,"writer,miscellaneous,script_department"
tt68127797,Chef for a Day,Chef for a Day,1968,30,"Comedy,War",7.8,49,6,writer,written by,4,26,William Raynor,1920,1994,"writer,miscellaneous,script_department"
tt94946125,Gomer Goes Home,Gomer Goes Home,1968,30,"Comedy,War",7.2,63,6,writer,written by,4,18,William Raynor,1920,1994,"writer,miscellaneous,script_department"
tt49161519,Luv Finds Gomer Pyle,Luv Finds Gomer Pyle,1968,30,"Comedy,War",7.4,52,6,writer,written by,4,20,William Raynor,1920,1994,"writer,miscellaneous,script_department"
tt99274011,The Price of Tomatoes,The Price of Tomatoes,1968,30,"Comedy,War",7.7,51,6,writer,written by,4,25,William Raynor,1920,1994,"writer,miscellaneous,script_department"
tt69020290,99 Loses Control,99 Loses Control,1968,25,"Action,Adventure,Comedy",8.4,172,9,writer,written by,3,19,Myles Wilder,1933,2010,"writer,miscellaneous,producer"
tt46874171,Spy Spy Birdie,Spy Spy Birdie,1968,24,"Action,Adventure,Comedy",7.9,149,9,writer,written by,3,22,Myles Wilder,1933,2010,"writer,miscellaneous,producer"
tt18791926,Chef for a Day,Chef for a Day,1968,30,"Comedy,War",7.8,49,7,writer,written by,4,26,Myles Wilder,1933,2010,"writer,miscellaneous,producer"
tt94304809,Gomer Goes Home,Gomer Goes Home,1968,30,"Comedy,War",7.2,63,7,writer,written by,4,18,Myles Wilder,1933,2010,"writer,miscellaneous,producer"
tt36864634,Luv Finds Gomer Pyle,Luv Finds Gomer Pyle,1968,30,"Comedy,War",7.4,52,7,writer,written by,4,20,Myles Wilder,1933,2010,"writer,miscellaneous,producer"
tt28683388,The Price of Tomatoes,The Price of Tomatoes,1968,30,"Comedy,War",7.7,51,7,writer,written by,4,25,Myles Wilder,1933,2010,"writer,miscellaneous,producer"
tt37123751,Das Goldstück,Das Goldstück,1968,60,"Crime,Drama",7.1,12,6,writer,teleplay,6,1,Bruno Hampel,1920,1996,"writer,actor"
tt64957647,Something for Nothing,Something for Nothing,1968,60,"Crime,Drama,Mystery",6.3,56,10,cinematographer,director of photography,1,22,Ray Flin,1905,1969,"cinematographer,camera_department"
tt26348264,I Cant Hear You Scream,I Cant Hear You Scream,1968,60,"Crime,Drama",6.8,7,9,cinematographer,director of photography,1,10,Ray Flin,1905,1969,"cinematographer,camera_department"
tt12999918,I Cant Hear You Scream,I Cant Hear You Scream,1968,60,"Crime,Drama",6.8,7,8,producer,producer,1,10,Gene Levitt,1920,1999,"writer,producer,director"
tt21344599,Birds of a Feather,Birds of a Feather,1968,60,"Action,Adventure,Crime",7.7,42,7,writer,written by,1,10,Glen A. Larson,1937,2014,"writer,producer,music_department"
tt31795525,Get Me to the Revolution on Time,Get Me to the Revolution on Time,1968,60,"Action,Adventure,Crime",7.0,40,8,writer,written by,2,5,Glen A. Larson,1937,2014,"writer,producer,music_department"
tt43032709,Hans Across the Border Part 1,Hans Across the Border Part 1,1968,60,"Action,Adventure,Crime",7.2,41,7,writer,written by,2,7,Glen A. Larson,1937,2014,"writer,producer,music_department"
tt61271279,Hans Across the Border Part 2,Hans Across the Border Part 2,1968,60,"Action,Adventure,Crime",7.2,33,7,writer,written by,2,8,Glen A. Larson,1937,2014,"writer,producer,music_department"
tt35601253,My Dog the Thief Part 1,My Dog the Thief Part 1,1969,88,"Adventure,Drama,Family",6.0,182,6,writer,teleplay,16,2,William Raynor,1920,1994,"writer,miscellaneous,script_department"
tt54678028,My Dog the Thief Part 2,My Dog the Thief Part 2,1969,60,"Adventure,Drama,Family",6.0,54,7,writer,writer,16,3,William Raynor,1920,1994,"writer,miscellaneous,script_department"
tt23708336,Cast Your Bread Upon the Waters,Cast Your Bread Upon the Waters,1969,30,"Comedy,Fantasy",6.9,20,6,writer,written by,2,23,William Raynor,1920,1994,"writer,miscellaneous,script_department"
tt81952693,Theres a Seal in My Bathtub,Theres a Seal in My Bathtub,1969,30,"Comedy,Fantasy",7.3,29,7,writer,written by,2,3,William Raynor,1920,1994,"writer,miscellaneous,script_department"
tt91656268,Singles Only,Singles Only,1969,23,Comedy,8.2,33,6,writer,written by,2,9,William Raynor,1920,1994,"writer,miscellaneous,script_department"
tt33912477,Togetherness,Togetherness,1969,23,Comedy,7.1,24,6,writer,written by,2,10,William Raynor,1920,1994,"writer,miscellaneous,script_department"
tt35675410,My Dog the Thief Part 1,My Dog the Thief Part 1,1969,88,"Adventure,Drama,Family",6.0,182,7,writer,teleplay,16,2,Myles Wilder,1933,2010,"writer,miscellaneous,producer"
tt52253957,My Dog the Thief Part 2,My Dog the Thief Part 2,1969,60,"Adventure,Drama,Family",6.0,54,8,writer,writer,16,3,Myles Wilder,1933,2010,"writer,miscellaneous,producer"
tt71617696,Cast Your Bread Upon the Waters,Cast Your Bread Upon the Waters,1969,30,"Comedy,Fantasy",6.9,20,9,writer,written by,2,23,Myles Wilder,1933,2010,"writer,miscellaneous,producer"
tt57881109,Theres a Seal in My Bathtub,Theres a Seal in My Bathtub,1969,30,"Comedy,Fantasy",7.3,29,6,writer,written by,2,3,Myles Wilder,1933,2010,"writer,miscellaneous,producer"
tt66627204,Singles Only,Singles Only,1969,23,Comedy,8.2,33,7,writer,written by,2,9,Myles Wilder,1933,2010,"writer,miscellaneous,producer"
tt10307605,Togetherness,Togetherness,1969,23,Comedy,7.1,24,7,writer,written by,2,10,Myles Wilder,1933,2010,"writer,miscellaneous,producer"
tt13251645,13 Minuten am Abgrund,13 Minuten am Abgrund,1969,23,"Crime,Drama",7.4,6,6,writer,writer,3,9,Bruno Hampel,1920,1996,"writer,actor"
tt57139250,Die Schildkröte,Die Schildkröte,1969,24,"Crime,Drama",6.6,6,6,writer,writer,4,2,Bruno Hampel,1920,1996,"writer,actor"
tt55257024,Weiße Rosen um halbzehn,Weiße Rosen um halbzehn,1969,23,"Crime,Drama",7.4,6,6,writer,writer,3,13,Bruno Hampel,1920,1996,"writer,actor"
tt50798588,Wohnung zu vermieten,Wohnung zu vermieten,1969,24,"Crime,Drama",7.4,6,6,writer,writer,3,12,Bruno Hampel,1920,1996,"writer,actor"
tt45780368,Pilot,Pilot,1969,100,"Adventure,Drama",7.6,312,6,writer,writer,1,0,Denne Bart Petitclerc,1929,2006,"writer,miscellaneous,producer"
tt38410314,A Famine Where Abundance Lies,A Famine Where Abundance Lies,1969,60,"Adventure,Drama",8.4,9,7,writer,creator,1,3,Denne Bart Petitclerc,1929,2006,"writer,miscellaneous,producer"
tt67948808,A Long Trip to Yesterday,A Long Trip to Yesterday,1969,60,"Adventure,Drama",9.4,11,7,writer,creator,1,12,Denne Bart Petitclerc,1929,2006,"writer,miscellaneous,producer"
tt35748752,Against a Blank Cold Wall,Against a Blank Cold Wall,1969,60,"Adventure,Drama",7.6,10,6,writer,creator,1,14,Denne Bart Petitclerc,1929,2006,"writer,miscellaneous,producer"
tt46225141,All the World and God,All the World and God,1969,60,"Adventure,Drama",8.5,10,6,writer,creator,1,11,Denne Bart Petitclerc,1929,2006,"writer,miscellaneous,producer"
tt83419114,Amid Splinters of the Thunderbolt,Amid Splinters of the Thunderbolt,1969,60,"Adventure,Drama",8.0,15,6,writer,creator,1,6,Denne Bart Petitclerc,1929,2006,"writer,miscellaneous,producer"
tt58654716,Old Tigers Never DieThey Just Run Away,Old Tigers Never DieThey Just Run Away,1969,60,"Adventure,Drama",8.7,8,7,writer,creator,1,8,Denne Bart Petitclerc,1929,2006,"writer,miscellaneous,producer"
tt42393106,Sibyl,Sibyl,1969,60,"Adventure,Drama",8.4,9,6,writer,creator,1,15,Denne Bart Petitclerc,1929,2006,"writer,miscellaneous,producer"
tt63494160,The 313 Arrives at Noon,The 313 Arrives at Noon,1969,60,"Adventure,Drama",8.9,13,7,writer,creator,1,7,Denne Bart Petitclerc,1929,2006,"writer,miscellaneous,producer"
tt22516143,The Circle of Time,The Circle of Time,1969,60,"Adventure,Drama",8.7,16,6,writer,creator,1,4,Denne Bart Petitclerc,1929,2006,"writer,miscellaneous,producer"
tt53777164,The Old Motorcycle Fiasco,The Old Motorcycle Fiasco,1969,60,"Adventure,Drama",8.2,19,8,writer,creator,1,2,Denne Bart Petitclerc,1929,2006,"writer,miscellaneous,producer"
tt48749614,The Runner,The Runner,1969,60,"Adventure,Drama",8.8,24,6,writer,creator,1,1,Denne Bart Petitclerc,1929,2006,"writer,miscellaneous,producer"
tt61655500,The Spitball Kid,The Spitball Kid,1969,60,"Adventure,Drama",8.8,14,7,writer,creator,1,13,Denne Bart Petitclerc,1929,2006,"writer,miscellaneous,producer"
tt80381961,Two Percent of Nothing,Two Percent of Nothing,1969,60,"Adventure,Drama",7.8,14,6,writer,creator,1,10,Denne Bart Petitclerc,1929,2006,"writer,miscellaneous,producer"
tt89112684,Where Will the Trumpets Be,Where Will the Trumpets Be,1969,60,"Adventure,Drama",8.3,13,6,writer,creator,1,5,Denne Bart Petitclerc,1929,2006,"writer,miscellaneous,producer"
tt20468269,Your Love Is Like a Demolition Derby in My Heart,Your Love Is Like a Demolition Derby in My Heart,1969,60,"Adventure,Drama",8.8,7,7,writer,creator,1,9,Denne Bart Petitclerc,1929,2006,"writer,miscellaneous,producer"
tt28337111,Pilot,Pilot,1969,100,"Adventure,Drama",7.6,312,7,producer,producer,1,0,Robert H. Justman,1926,2008,"producer,assistant_director,visual_effects"
tt11921273,A Famine Where Abundance Lies,A Famine Where Abundance Lies,1969,60,"Adventure,Drama",8.4,9,8,producer,producer,1,3,Robert H. Justman,1926,2008,"producer,assistant_director,visual_effects"
tt65150490,A Long Trip to Yesterday,A Long Trip to Yesterday,1969,60,"Adventure,Drama",9.4,11,8,producer,producer,1,12,Robert H. Justman,1926,2008,"producer,assistant_director,visual_effects"
tt27371639,Against a Blank Cold Wall,Against a Blank Cold Wall,1969,60,"Adventure,Drama",7.6,10,8,producer,producer,1,14,Robert H. Justman,1926,2008,"producer,assistant_director,visual_effects"
tt84094158,All the World and God,All the World and God,1969,60,"Adventure,Drama",8.5,10,8,producer,producer,1,11,Robert H. Justman,1926,2008,"producer,assistant_director,visual_effects"
tt36195189,Amid Splinters of the Thunderbolt,Amid Splinters of the Thunderbolt,1969,60,"Adventure,Drama",8.0,15,8,producer,producer,1,6,Robert H. Justman,1926,2008,"producer,assistant_director,visual_effects"
tt92434546,Old Tigers Never DieThey Just Run Away,Old Tigers Never DieThey Just Run Away,1969,60,"Adventure,Drama",8.7,8,8,producer,producer,1,8,Robert H. Justman,1926,2008,"producer,assistant_director,visual_effects"
tt80382223,Sibyl,Sibyl,1969,60,"Adventure,Drama",8.4,9,9,producer,producer,1,15,Robert H. Justman,1926,2008,"producer,assistant_director,visual_effects"
tt61622282,The 313 Arrives at Noon,The 313 Arrives at Noon,1969,60,"Adventure,Drama",8.9,13,8,producer,producer,1,7,Robert H. Justman,1926,2008,"producer,assistant_director,visual_effects"
tt69089938,The Circle of Time,The Circle of Time,1969,60,"Adventure,Drama",8.7,16,8,producer,producer,1,4,Robert H. Justman,1926,2008,"producer,assistant_director,visual_effects"
tt60590597,The Old Motorcycle Fiasco,The Old Motorcycle Fiasco,1969,60,"Adventure,Drama",8.2,19,9,producer,producer,1,2,Robert H. Justman,1926,2008,"producer,assistant_director,visual_effects"
tt79420121,The Runner,The Runner,1969,60,"Adventure,Drama",8.8,24,8,producer,producer,1,1,Robert H. Justman,1926,2008,"producer,assistant_director,visual_effects"
tt21783128,The Spitball Kid,The Spitball Kid,1969,60,"Adventure,Drama",8.8,14,9,producer,producer,1,13,Robert H. Justman,1926,2008,"producer,assistant_director,visual_effects"
tt23108290,Two Percent of Nothing,Two Percent of Nothing,1969,60,"Adventure,Drama",7.8,14,8,producer,producer,1,10,Robert H. Justman,1926,2008,"producer,assistant_director,visual_effects"
tt83139464,Where Will the Trumpets Be,Where Will the Trumpets Be,1969,60,"Adventure,Drama",8.3,13,8,producer,producer,1,5,Robert H. Justman,1926,2008,"producer,assistant_director,visual_effects"
tt59185118,Your Love Is Like a Demolition Derby in My Heart,Your Love Is Like a Demolition Derby in My Heart,1969,60,"Adventure,Drama",8.8,7,8,producer,producer,1,9,Robert H. Justman,1926,2008,"producer,assistant_director,visual_effects"
tt26764876,Pilot,Pilot,1969,100,"Adventure,Drama",7.6,312,9,cinematographer,director of photography,1,0,Ray Flin,1905,1969,"cinematographer,camera_department"
tt21033449,382336,382336,1969,60,"Action,Adventure,Crime",7.7,38,9,cinematographer,director of photography,2,24,Ray Flin,1905,1969,"cinematographer,camera_department"
tt25262925,Boom at the Top,Boom at the Top,1969,60,"Action,Adventure,Crime",7.2,41,8,cinematographer,director of photography,2,19,Ray Flin,1905,1969,"cinematographer,camera_department"
tt32262554,RockBye Bye Baby,RockBye Bye Baby,1969,60,"Action,Adventure,Crime",7.3,37,8,cinematographer,director of photography,2,22,Ray Flin,1905,1969,"cinematographer,camera_department"
tt38124312,The Family,The Family,1969,60,"Action,Adventure,Crime",7.8,28,10,cinematographer,director of photography,2,23,Ray Flin,1905,1969,"cinematographer,camera_department"
tt53501877,The Great Chess Gambit,The Great Chess Gambit,1969,60,"Action,Adventure,Crime",7.7,25,9,cinematographer,director of photography,2,25,Ray Flin,1905,1969,"cinematographer,camera_department"
tt81121297,Operation Heartbeat,Operation Heartbeat,1969,100,Drama,6.9,42,6,writer,writer,1,0,Al C. Ward,1919,2009,"writer,producer,director"
tt76378660,The Last Hundred Miles,The Last Hundred Miles,1969,60,Western,8.3,45,6,writer,writer,2,17,Al C. Ward,1919,2009,"writer,producer,director"
tt21046583,Only Giants Can Play,Only Giants Can Play,1969,60,"Action,Crime,Drama",7.7,103,9,writer,written by,2,15,Al C. Ward,1919,2009,"writer,producer,director"
tt20039651,24 Hours,24 Hours,1969,60,Drama,8.9,9,7,writer,created by,1,12,Al C. Ward,1919,2009,"writer,producer,director"
tt93963437,A Life Is Waiting,A Life Is Waiting,1969,60,Drama,8.3,16,7,writer,created by,1,4,Al C. Ward,1919,2009,"writer,producer,director"
tt70875049,Emergency in Ward E,Emergency in Ward E,1969,60,Drama,8.4,18,7,writer,created by,1,3,Al C. Ward,1919,2009,"writer,producer,director"
tt96965317,Jeopardy,Jeopardy,1969,60,Drama,7.8,15,7,writer,created by,1,9,Al C. Ward,1919,2009,"writer,producer,director"
tt75168118,The Adversaries,The Adversaries,1969,60,Drama,8.7,8,7,writer,created by,1,13,Al C. Ward,1919,2009,"writer,producer,director"
tt36982738,The Battle of Lily Wu,The Battle of Lily Wu,1969,60,Drama,7.2,16,7,writer,created by,1,5,Al C. Ward,1919,2009,"writer,producer,director"
tt46250644,The Crooked Circle,The Crooked Circle,1969,60,Drama,8.8,13,7,writer,created by,1,6,Al C. Ward,1919,2009,"writer,producer,director"
tt17987034,The Fallen Image,The Fallen Image,1969,60,Drama,8.3,13,7,writer,created by,1,10,Al C. Ward,1919,2009,"writer,producer,director"
tt69443347,The Last Ten Yards,The Last Ten Yards,1969,60,Drama,7.5,25,7,writer,created by,1,1,Al C. Ward,1919,2009,"writer,producer,director"
tt71573732,The Loner,The Loner,1969,60,Drama,8.1,11,7,writer,created by,1,11,Al C. Ward,1919,2009,"writer,producer,director"
tt42138064,The Sharpest Edge,The Sharpest Edge,1969,60,Drama,8.3,12,7,writer,created by,1,8,Al C. Ward,1919,2009,"writer,producer,director"
tt97512418,Thousands and Thousands of Miles,Thousands and Thousands of Miles,1969,60,Drama,7.8,14,7,writer,created by,1,7,Al C. Ward,1919,2009,"writer,producer,director"
tt66536504,Victim,Victim,1969,60,Drama,8.6,27,7,writer,created by,1,2,Al C. Ward,1919,2009,"writer,producer,director"
tt45070730,Operation Heartbeat,Operation Heartbeat,1969,100,Drama,6.9,42,7,producer,producer,1,0,Frank Glicksman,1921,1984,"writer,producer,miscellaneous"
tt90020011,24 Hours,24 Hours,1969,60,Drama,8.9,9,6,writer,created by,1,12,Frank Glicksman,1921,1984,"writer,producer,miscellaneous"
tt53728847,A Life Is Waiting,A Life Is Waiting,1969,60,Drama,8.3,16,6,writer,created by,1,4,Frank Glicksman,1921,1984,"writer,producer,miscellaneous"
tt20702585,Emergency in Ward E,Emergency in Ward E,1969,60,Drama,8.4,18,6,writer,created by,1,3,Frank Glicksman,1921,1984,"writer,producer,miscellaneous"
tt36006697,Jeopardy,Jeopardy,1969,60,Drama,7.8,15,6,writer,created by,1,9,Frank Glicksman,1921,1984,"writer,producer,miscellaneous"
tt29401861,The Adversaries,The Adversaries,1969,60,Drama,8.7,8,6,writer,created by,1,13,Frank Glicksman,1921,1984,"writer,producer,miscellaneous"
tt13727418,The Battle of Lily Wu,The Battle of Lily Wu,1969,60,Drama,7.2,16,6,writer,created by,1,5,Frank Glicksman,1921,1984,"writer,producer,miscellaneous"
tt29604650,The Crooked Circle,The Crooked Circle,1969,60,Drama,8.8,13,6,writer,created by,1,6,Frank Glicksman,1921,1984,"writer,producer,miscellaneous"
tt22653885,The Fallen Image,The Fallen Image,1969,60,Drama,8.3,13,6,writer,created by,1,10,Frank Glicksman,1921,1984,"writer,producer,miscellaneous"
tt51799748,The Last Ten Yards,The Last Ten Yards,1969,60,Drama,7.5,25,6,writer,created by,1,1,Frank Glicksman,1921,1984,"writer,producer,miscellaneous"
tt54816553,The Loner,The Loner,1969,60,Drama,8.1,11,6,writer,created by,1,11,Frank Glicksman,1921,1984,"writer,producer,miscellaneous"
tt15374247,The Sharpest Edge,The Sharpest Edge,1969,60,Drama,8.3,12,6,writer,created by,1,8,Frank Glicksman,1921,1984,"writer,producer,miscellaneous"
tt96303852,Thousands and Thousands of Miles,Thousands and Thousands of Miles,1969,60,Drama,7.8,14,6,writer,created by,1,7,Frank Glicksman,1921,1984,"writer,producer,miscellaneous"
tt76381099,Victim,Victim,1969,60,Drama,8.6,27,6,writer,created by,1,2,Frank Glicksman,1921,1984,"writer,producer,miscellaneous"
tt80234747,A Voyage Round My Father,A Voyage Round My Father,1969,80,Drama,8.5,6,6,writer,writer,1,7,John Mortimer,1923,2009,"writer,actor,producer"
tt55015223,The Young Lawyers,The Young Lawyers,1969,74,Drama,7.4,24,7,producer,producer,1,0,William P. D'Angelo,1932,2002,"producer,director,writer"
tt40856892,Love and the Phone BoothLove and the Doorknob,Love and the Phone BoothLove and the Doorknob,1969,60,"Comedy,Romance",6.9,40,10,producer,producer,1,3,William P. D'Angelo,1932,2002,"producer,director,writer"
tt99236798,A Friend in Deed,A Friend in Deed,1969,60,"Action,Adventure,Crime",7.5,31,8,producer,producer,3,10,Glen A. Larson,1937,2014,"writer,producer,music_department"
tt55112508,Boom at the Top,Boom at the Top,1969,60,"Action,Adventure,Crime",7.2,41,7,writer,writer,2,19,Glen A. Larson,1937,2014,"writer,producer,music_department"
tt67846576,Catspaw,Catspaw,1969,60,"Action,Adventure,Crime",7.6,30,8,writer,teleplay,2,18,Glen A. Larson,1937,2014,"writer,producer,music_department"
tt21058804,Flowers from Alexander,Flowers from Alexander,1969,60,"Action,Adventure,Crime",7.7,48,7,writer,writer,3,5,Glen A. Larson,1937,2014,"writer,producer,music_department"
tt36771309,Guess Whos Coming to Rio,Guess Whos Coming to Rio,1969,60,"Action,Adventure,Crime",8.3,38,7,writer,written by,2,13,Glen A. Larson,1937,2014,"writer,producer,music_department"
tt59655477,Saturday Night in Venice,Saturday Night in Venice,1969,60,"Action,Adventure,Crime",7.1,44,8,producer,producer,3,1,Glen A. Larson,1937,2014,"writer,producer,music_department"
tt66447159,The Artist Is for Framing,The Artist Is for Framing,1969,60,"Action,Adventure,Crime",7.2,33,8,writer,written by,2,14,Glen A. Larson,1937,2014,"writer,producer,music_department"
tt33617289,The Beautiful People,The Beautiful People,1969,60,"Action,Adventure,Crime",7.9,35,7,writer,writer,3,3,Glen A. Larson,1937,2014,"writer,producer,music_department"
tt74481629,The Great Casino Caper,The Great Casino Caper,1969,60,"Action,Adventure,Crime",8.8,46,7,writer,writer,3,4,Glen A. Larson,1937,2014,"writer,producer,music_department"
tt14618049,The Great Chess Gambit,The Great Chess Gambit,1969,60,"Action,Adventure,Crime",7.7,25,7,writer,written by,2,25,Glen A. Larson,1937,2014,"writer,producer,music_department"
tt11770133,The King of Thieves,The King of Thieves,1969,60,"Action,Adventure,Crime",7.3,31,7,writer,writer,3,9,Glen A. Larson,1937,2014,"writer,producer,music_department"
tt28981195,The Second Time Around,The Second Time Around,1969,60,"Action,Adventure,Crime",7.7,35,7,writer,writer,3,11,Glen A. Larson,1937,2014,"writer,producer,music_department"
tt98430139,The Three Virgins of Rome,The Three Virgins of Rome,1969,60,"Action,Adventure,Crime",8.3,41,7,writer,writer,3,7,Glen A. Larson,1937,2014,"writer,producer,music_department"
tt72806714,Follow the Leader,Follow the Leader,1970,75,Western,6.8,36,6,writer,writer,9,11,Leslie Stevens,1924,1998,"writer,producer,miscellaneous"
tt45869094,Lady at the Bar,Lady at the Bar,1970,75,Western,8.3,51,6,writer,writer,9,8,Leslie Stevens,1924,1998,"writer,producer,miscellaneous"
tt14203962,The Best Man,The Best Man,1970,75,Western,5.4,55,6,writer,writer,9,2,Leslie Stevens,1924,1998,"writer,producer,miscellaneous"
tt26385831,What Goes Up,What Goes Up,1970,25,"Comedy,Family",6.8,159,7,writer,written by,2,11,William Raynor,1920,1994,"writer,miscellaneous,script_department"
tt16628474,Lucy Takes Over,Lucy Takes Over,1970,30,Comedy,7.2,25,6,writer,written by,2,23,William Raynor,1920,1994,"writer,miscellaneous,script_department"
tt76469697,What Goes Up,What Goes Up,1970,25,"Comedy,Family",6.8,159,8,writer,written by,2,11,Myles Wilder,1933,2010,"writer,miscellaneous,producer"
tt23013170,Lucy Takes Over,Lucy Takes Over,1970,30,Comedy,7.2,25,7,writer,written by,2,23,Myles Wilder,1933,2010,"writer,miscellaneous,producer"
tt58844572,Wer klingelt schon zur Fernsehzeit,Wer klingelt schon zur Fernsehzeit,1970,60,"Crime,Drama",6.9,10,6,writer,teleplay,8,1,Bruno Hampel,1920,1996,"writer,actor"
tt83177745,Blinder Alarm,Blinder Alarm,1970,23,"Crime,Drama",7.2,6,6,writer,writer,4,4,Bruno Hampel,1920,1996,"writer,actor"
tt60117725,Der Nutznießer,Der Nutznießer,1970,24,"Crime,Drama",7.2,6,6,writer,writer,4,8,Bruno Hampel,1920,1996,"writer,actor"
tt88089394,Mit 100 Karat durch die Wand,Mit 100 Karat durch die Wand,1970,24,"Crime,Drama",7.4,6,6,writer,writer,4,7,Bruno Hampel,1920,1996,"writer,actor"
tt45831824,Vor der Verjährung,Vor der Verjährung,1970,24,"Crime,Drama",7.0,6,6,writer,writer,4,11,Bruno Hampel,1920,1996,"writer,actor"
tt70384373,APickin An ASingin,APickin An ASingin,1970,60,"Adventure,Drama",8.7,10,6,writer,creator,1,16,Denne Bart Petitclerc,1929,2006,"writer,miscellaneous,producer"
tt40469660,Lucky Day,Lucky Day,1970,60,"Adventure,Drama",8.9,12,6,writer,creator,1,19,Denne Bart Petitclerc,1929,2006,"writer,miscellaneous,producer"
tt24620070,Mating Dance for Tender Grass,Mating Dance for Tender Grass,1970,60,"Adventure,Drama",8.7,8,6,writer,creator,1,20,Denne Bart Petitclerc,1929,2006,"writer,miscellaneous,producer"
tt92979820,Still Waters,Still Waters,1970,60,"Adventure,Drama",7.1,8,7,writer,creator,1,22,Denne Bart Petitclerc,1929,2006,"writer,miscellaneous,producer"
tt12251669,That Undiscovered Country,That Undiscovered Country,1970,60,"Adventure,Drama",8.7,7,7,writer,creator,1,18,Denne Bart Petitclerc,1929,2006,"writer,miscellaneous,producer"
tt55911710,The Forest Primeval,The Forest Primeval,1970,60,"Adventure,Drama",9.1,11,7,writer,creator,1,23,Denne Bart Petitclerc,1929,2006,"writer,miscellaneous,producer"
tt17185985,The Gleam of the Eagle Mind,The Gleam of the Eagle Mind,1970,60,"Adventure,Drama",8.0,8,7,writer,creator,1,17,Denne Bart Petitclerc,1929,2006,"writer,miscellaneous,producer"
tt55857313,The Mary R,The Mary R,1970,60,"Adventure,Drama",8.7,9,6,writer,creator,1,25,Denne Bart Petitclerc,1929,2006,"writer,miscellaneous,producer"
tt65971667,The Mountain,The Mountain,1970,60,"Adventure,Drama",8.0,7,6,writer,creator,1,21,Denne Bart Petitclerc,1929,2006,"writer,miscellaneous,producer"
tt20361994,The NinetyNine Mile Circle,The NinetyNine Mile Circle,1970,60,"Adventure,Drama",8.9,9,8,writer,creator,1,24,Denne Bart Petitclerc,1929,2006,"writer,miscellaneous,producer"
tt90228344,Whats an Ark Without Centaurs,Whats an Ark Without Centaurs,1970,60,"Adventure,Drama",8.4,8,6,writer,creator,1,26,Denne Bart Petitclerc,1929,2006,"writer,miscellaneous,producer"
tt61669217,APickin An ASingin,APickin An ASingin,1970,60,"Adventure,Drama",8.7,10,8,producer,producer,1,16,Robert H. Justman,1926,2008,"producer,assistant_director,visual_effects"
tt88025845,Lucky Day,Lucky Day,1970,60,"Adventure,Drama",8.9,12,9,producer,producer,1,19,Robert H. Justman,1926,2008,"producer,assistant_director,visual_effects"
tt28814640,Mating Dance for Tender Grass,Mating Dance for Tender Grass,1970,60,"Adventure,Drama",8.7,8,8,producer,producer,1,20,Robert H. Justman,1926,2008,"producer,assistant_director,visual_effects"
tt75176279,Still Waters,Still Waters,1970,60,"Adventure,Drama",7.1,8,10,producer,producer,1,22,Robert H. Justman,1926,2008,"producer,assistant_director,visual_effects"
tt71671278,That Undiscovered Country,That Undiscovered Country,1970,60,"Adventure,Drama",8.7,7,8,producer,producer,1,18,Robert H. Justman,1926,2008,"producer,assistant_director,visual_effects"
tt44127876,The Forest Primeval,The Forest Primeval,1970,60,"Adventure,Drama",9.1,11,8,producer,producer,1,23,Robert H. Justman,1926,2008,"producer,assistant_director,visual_effects"
tt81584646,The Gleam of the Eagle Mind,The Gleam of the Eagle Mind,1970,60,"Adventure,Drama",8.0,8,8,producer,producer,1,17,Robert H. Justman,1926,2008,"producer,assistant_director,visual_effects"
tt28787397,The Mary R,The Mary R,1970,60,"Adventure,Drama",8.7,9,8,producer,producer,1,25,Robert H. Justman,1926,2008,"producer,assistant_director,visual_effects"
tt99042139,The Mountain,The Mountain,1970,60,"Adventure,Drama",8.0,7,7,producer,producer,1,21,Robert H. Justman,1926,2008,"producer,assistant_director,visual_effects"
tt21662260,The NinetyNine Mile Circle,The NinetyNine Mile Circle,1970,60,"Adventure,Drama",8.9,9,9,producer,producer,1,24,Robert H. Justman,1926,2008,"producer,assistant_director,visual_effects"
tt74897133,Whats an Ark Without Centaurs,Whats an Ark Without Centaurs,1970,60,"Adventure,Drama",8.4,8,8,producer,producer,1,26,Robert H. Justman,1926,2008,"producer,assistant_director,visual_effects"
tt20183688,A Duel with Doom,A Duel with Doom,1970,60,Drama,6.8,8,7,writer,created by,1,18,Al C. Ward,1919,2009,"writer,producer,director"
tt67674903,A Matter of Tomorrow,A Matter of Tomorrow,1970,60,Drama,8.3,8,7,writer,created by,1,19,Al C. Ward,1919,2009,"writer,producer,director"
tt11565397,Accused,Accused,1970,60,Drama,7.3,8,7,writer,created by,2,12,Al C. Ward,1919,2009,"writer,producer,director"
tt55537913,Assailant,Assailant,1970,60,Drama,7.9,14,9,writer,created by,2,4,Al C. Ward,1919,2009,"writer,producer,director"
tt91345282,Brink of Doom,Brink of Doom,1970,60,Drama,9.0,13,7,writer,created by,2,1,Al C. Ward,1919,2009,"writer,producer,director"
tt31242972,Care Is No Cure,Care Is No Cure,1970,60,Drama,9.0,13,7,writer,created by,1,20,Al C. Ward,1919,2009,"writer,producer,director"
tt14186461,Crisis,Crisis,1970,60,Drama,8.6,7,7,writer,created by,2,13,Al C. Ward,1919,2009,"writer,producer,director"
tt51912854,Deadly Encounter,Deadly Encounter,1970,60,Drama,9.0,7,7,writer,created by,2,10,Al C. Ward,1919,2009,"writer,producer,director"
tt71959961,Death Grip,Death Grip,1970,60,Drama,9.2,10,6,writer,created by,2,8,Al C. Ward,1919,2009,"writer,producer,director"
tt44880757,Fright and Flight,Fright and Flight,1970,60,Drama,8.5,13,7,writer,created by,1,17,Al C. Ward,1919,2009,"writer,producer,director"
tt52218239,Ghetto Clinic,Ghetto Clinic,1970,60,Drama,7.6,11,7,writer,created by,2,6,Al C. Ward,1919,2009,"writer,producer,director"
tt40096143,His Brothers Keeper,His Brothers Keeper,1970,60,Drama,8.8,13,7,writer,created by,1,24,Al C. Ward,1919,2009,"writer,producer,director"
tt96754499,Junkie,Junkie,1970,60,Drama,6.8,9,7,writer,created by,2,3,Al C. Ward,1919,2009,"writer,producer,director"
tt78812317,Man at Bay,Man at Bay,1970,60,Drama,9.5,9,8,writer,created by,2,14,Al C. Ward,1919,2009,"writer,producer,director"
tt34189648,Moment of Decision,Moment of Decision,1970,60,Drama,8.5,12,7,writer,created by,1,15,Al C. Ward,1919,2009,"writer,producer,director"
tt80148033,Runaway,Runaway,1970,60,Drama,7.8,10,7,writer,created by,1,16,Al C. Ward,1919,2009,"writer,producer,director"
tt53386835,Scream of Silence,Scream of Silence,1970,60,Drama,8.6,9,7,writer,created by,2,7,Al C. Ward,1919,2009,"writer,producer,director"
tt96655494,The Clash,The Clash,1970,60,Drama,7.5,7,7,writer,created by,2,5,Al C. Ward,1919,2009,"writer,producer,director"
tt43912491,The Combatants,The Combatants,1970,60,Drama,8.6,12,7,writer,created by,1,22,Al C. Ward,1919,2009,"writer,producer,director"
tt59358934,The Deceived,The Deceived,1970,60,Drama,7.8,10,7,writer,created by,1,14,Al C. Ward,1919,2009,"writer,producer,director"
tt70965543,The Professional,The Professional,1970,60,Drama,9.2,9,7,writer,created by,1,21,Al C. Ward,1919,2009,"writer,producer,director"
tt91195218,The Rebel in White,The Rebel in White,1970,60,Drama,8.9,9,7,writer,created by,1,25,Al C. Ward,1919,2009,"writer,producer,director"
tt44522298,The Savage Image,The Savage Image,1970,60,Drama,7.5,7,7,writer,created by,2,15,Al C. Ward,1919,2009,"writer,producer,director"
tt76263459,Trial by Terror,Trial by Terror,1970,60,Drama,8.6,6,7,writer,creator,2,11,Al C. Ward,1919,2009,"writer,producer,director"
tt46307800,Undercurrent,Undercurrent,1970,60,Drama,8.6,11,7,writer,created by,2,2,Al C. Ward,1919,2009,"writer,producer,director"
tt60409159,Witch Hunt,Witch Hunt,1970,60,Drama,8.5,9,6,writer,created by,2,9,Al C. Ward,1919,2009,"writer,producer,director"
tt37052192,A Duel with Doom,A Duel with Doom,1970,60,Drama,6.8,8,6,writer,created by,1,18,Frank Glicksman,1921,1984,"writer,producer,miscellaneous"
tt98591823,A Matter of Tomorrow,A Matter of Tomorrow,1970,60,Drama,8.3,8,6,writer,created by,1,19,Frank Glicksman,1921,1984,"writer,producer,miscellaneous"
tt11595148,Accused,Accused,1970,60,Drama,7.3,8,6,writer,created by,2,12,Frank Glicksman,1921,1984,"writer,producer,miscellaneous"
tt15914023,Assailant,Assailant,1970,60,Drama,7.9,14,8,writer,created by,2,4,Frank Glicksman,1921,1984,"writer,producer,miscellaneous"
tt32543545,Brink of Doom,Brink of Doom,1970,60,Drama,9.0,13,6,writer,created by,2,1,Frank Glicksman,1921,1984,"writer,producer,miscellaneous"
tt31083713,Care Is No Cure,Care Is No Cure,1970,60,Drama,9.0,13,6,writer,created by,1,20,Frank Glicksman,1921,1984,"writer,producer,miscellaneous"
tt84925549,Crisis,Crisis,1970,60,Drama,8.6,7,6,writer,created by,2,13,Frank Glicksman,1921,1984,"writer,producer,miscellaneous"
tt80813241,Deadly Encounter,Deadly Encounter,1970,60,Drama,9.0,7,6,writer,created by,2,10,Frank Glicksman,1921,1984,"writer,producer,miscellaneous"
tt90319423,Death Grip,Death Grip,1970,60,Drama,9.2,10,5,writer,created by,2,8,Frank Glicksman,1921,1984,"writer,producer,miscellaneous"
tt15896748,Fright and Flight,Fright and Flight,1970,60,Drama,8.5,13,6,writer,created by,1,17,Frank Glicksman,1921,1984,"writer,producer,miscellaneous"
tt84904023,Ghetto Clinic,Ghetto Clinic,1970,60,Drama,7.6,11,6,writer,created by,2,6,Frank Glicksman,1921,1984,"writer,producer,miscellaneous"
tt63268999,His Brothers Keeper,His Brothers Keeper,1970,60,Drama,8.8,13,6,writer,created by,1,24,Frank Glicksman,1921,1984,"writer,producer,miscellaneous"
tt21092674,Junkie,Junkie,1970,60,Drama,6.8,9,6,writer,created by,2,3,Frank Glicksman,1921,1984,"writer,producer,miscellaneous"
tt45159738,Man at Bay,Man at Bay,1970,60,Drama,9.5,9,7,writer,created by,2,14,Frank Glicksman,1921,1984,"writer,producer,miscellaneous"
tt15560861,Moment of Decision,Moment of Decision,1970,60,Drama,8.5,12,6,writer,created by,1,15,Frank Glicksman,1921,1984,"writer,producer,miscellaneous"
tt90903238,Runaway,Runaway,1970,60,Drama,7.8,10,6,writer,created by,1,16,Frank Glicksman,1921,1984,"writer,producer,miscellaneous"
tt24973856,Scream of Silence,Scream of Silence,1970,60,Drama,8.6,9,6,writer,created by,2,7,Frank Glicksman,1921,1984,"writer,producer,miscellaneous"
tt79999147,The Clash,The Clash,1970,60,Drama,7.5,7,6,writer,created by,2,5,Frank Glicksman,1921,1984,"writer,producer,miscellaneous"
tt96012866,The Combatants,The Combatants,1970,60,Drama,8.6,12,6,writer,created by,1,22,Frank Glicksman,1921,1984,"writer,producer,miscellaneous"
tt71935894,The Deceived,The Deceived,1970,60,Drama,7.8,10,6,writer,created by,1,14,Frank Glicksman,1921,1984,"writer,producer,miscellaneous"
tt95625408,The Professional,The Professional,1970,60,Drama,9.2,9,6,writer,created by,1,21,Frank Glicksman,1921,1984,"writer,producer,miscellaneous"
tt41899095,The Rebel in White,The Rebel in White,1970,60,Drama,8.9,9,6,writer,created by,1,25,Frank Glicksman,1921,1984,"writer,producer,miscellaneous"
tt46238697,The Savage Image,The Savage Image,1970,60,Drama,7.5,7,6,writer,created by,2,15,Frank Glicksman,1921,1984,"writer,producer,miscellaneous"
tt39869712,Trial by Terror,Trial by Terror,1970,60,Drama,8.6,6,6,writer,creator,2,11,Frank Glicksman,1921,1984,"writer,producer,miscellaneous"
tt50300153,Undercurrent,Undercurrent,1970,60,Drama,8.6,11,6,writer,created by,2,2,Frank Glicksman,1921,1984,"writer,producer,miscellaneous"
tt54517374,Witch Hunt,Witch Hunt,1970,60,Drama,8.5,9,5,writer,created by,2,9,Frank Glicksman,1921,1984,"writer,producer,miscellaneous"
tt67580681,Married Alive,Married Alive,1970,60,Drama,7.8,9,6,writer,writer,2,39,John Mortimer,1923,2009,"writer,actor,producer"
tt14341816,Love and the DecisionLove and the Haunted House,Love and the DecisionLove and the Haunted House,1970,30,"Comedy,Romance",6.2,17,9,producer,producer,2,7,William P. D'Angelo,1932,2002,"producer,director,writer"
tt25457527,An Evening with Alistair Mundy,An Evening with Alistair Mundy,1970,60,"Action,Adventure,Crime",8.2,38,7,writer,writer,3,22,Glen A. Larson,1937,2014,"writer,producer,music_department"
tt82276345,Project X,Project X,1970,60,"Action,Adventure,Crime",7.3,35,7,writer,writer,3,24,Glen A. Larson,1937,2014,"writer,producer,music_department"
tt53497166,Situation Red,Situation Red,1970,60,"Action,Adventure,Crime",7.7,29,7,writer,writer,3,19,Glen A. Larson,1937,2014,"writer,producer,music_department"
tt70407451,Ein Pfirsisch aus Kreta,Ein Pfirsisch aus Kreta,1971,24,"Action,Adventure,Crime",6.4,8,6,writer,written by,1,12,Bruno Hampel,1920,1996,"writer,actor"
tt86527552,Rechnung für Zimmer elf,Rechnung für Zimmer elf,1971,24,"Action,Adventure,Crime",6.4,9,6,writer,written by,1,4,Bruno Hampel,1920,1996,"writer,actor"
tt56134333,Klaviere nach Casablanca,Klaviere nach Casablanca,1971,24,"Action,Adventure,Crime",6.3,7,6,writer,written by,1,10,Bruno Hampel,1920,1996,"writer,actor"
tt38655363,Circle of Power,Circle of Power,1971,60,Drama,7.5,8,7,writer,created by,3,6,Al C. Ward,1919,2009,"writer,producer,director"
tt70554708,Conspiracy,Conspiracy,1971,60,Drama,8.8,10,7,writer,created by,3,13,Al C. Ward,1919,2009,"writer,producer,director"
tt91630016,Countdown,Countdown,1971,60,Drama,7.4,6,7,writer,created by,2,21,Al C. Ward,1919,2009,"writer,producer,director"
tt33629735,Double Jeopardy,Double Jeopardy,1971,60,Drama,8.9,9,7,writer,created by,3,4,Al C. Ward,1919,2009,"writer,producer,director"
tt60915060,Martyr,Martyr,1971,60,Drama,8.8,7,7,writer,created by,3,9,Al C. Ward,1919,2009,"writer,producer,director"
tt67101569,Secret Heritage,Secret Heritage,1971,60,Drama,9.8,6,6,writer,created by,2,19,Al C. Ward,1919,2009,"writer,producer,director"
tt47143018,Shock Part 1,Shock Part 1,1971,60,Drama,8.8,6,7,writer,created by,3,15,Al C. Ward,1919,2009,"writer,producer,director"
tt22201549,Suspected,Suspected,1971,60,Drama,9.3,7,7,writer,created by,3,10,Al C. Ward,1919,2009,"writer,producer,director"
tt95916344,The Albatross,The Albatross,1971,60,Drama,8.5,8,7,writer,created by,3,8,Al C. Ward,1919,2009,"writer,producer,director"
tt84254994,The Loser,The Loser,1971,60,Drama,8.4,6,7,writer,created by,3,11,Al C. Ward,1919,2009,"writer,producer,director"
tt27535596,The Nowhere Child,The Nowhere Child,1971,60,Drama,9.0,9,6,writer,created by,3,14,Al C. Ward,1919,2009,"writer,producer,director"
tt17178660,The Pawn,The Pawn,1971,60,Drama,8.2,6,7,writer,created by,3,12,Al C. Ward,1919,2009,"writer,producer,director"
tt48708444,The Shattered Man,The Shattered Man,1971,60,Drama,7.0,7,7,writer,created by,3,7,Al C. Ward,1919,2009,"writer,producer,director"
tt80092509,Web of Darkness,Web of Darkness,1971,60,Drama,7.5,10,6,writer,created by,2,17,Al C. Ward,1919,2009,"writer,producer,director"
tt92049043,Circle of Power,Circle of Power,1971,60,Drama,7.5,8,6,writer,created by,3,6,Frank Glicksman,1921,1984,"writer,producer,miscellaneous"
tt47508859,Conspiracy,Conspiracy,1971,60,Drama,8.8,10,6,writer,created by,3,13,Frank Glicksman,1921,1984,"writer,producer,miscellaneous"
tt69393430,Countdown,Countdown,1971,60,Drama,7.4,6,6,writer,created by,2,21,Frank Glicksman,1921,1984,"writer,producer,miscellaneous"
tt23713129,Double Jeopardy,Double Jeopardy,1971,60,Drama,8.9,9,6,writer,created by,3,4,Frank Glicksman,1921,1984,"writer,producer,miscellaneous"
tt53105086,Martyr,Martyr,1971,60,Drama,8.8,7,6,writer,created by,3,9,Frank Glicksman,1921,1984,"writer,producer,miscellaneous"
tt84107969,Secret Heritage,Secret Heritage,1971,60,Drama,9.8,6,5,writer,created by,2,19,Frank Glicksman,1921,1984,"writer,producer,miscellaneous"
tt37220257,Shock Part 1,Shock Part 1,1971,60,Drama,8.8,6,6,writer,created by,3,15,Frank Glicksman,1921,1984,"writer,producer,miscellaneous"
tt15166701,Suspected,Suspected,1971,60,Drama,9.3,7,6,writer,created by,3,10,Frank Glicksman,1921,1984,"writer,producer,miscellaneous"
tt97724366,The Albatross,The Albatross,1971,60,Drama,8.5,8,6,writer,created by,3,8,Frank Glicksman,1921,1984,"writer,producer,miscellaneous"
tt63782106,The Loser,The Loser,1971,60,Drama,8.4,6,6,writer,created by,3,11,Frank Glicksman,1921,1984,"writer,producer,miscellaneous"
tt47944742,The Nowhere Child,The Nowhere Child,1971,60,Drama,9.0,9,5,writer,created by,3,14,Frank Glicksman,1921,1984,"writer,producer,miscellaneous"
tt18349655,The Pawn,The Pawn,1971,60,Drama,8.2,6,6,writer,created by,3,12,Frank Glicksman,1921,1984,"writer,producer,miscellaneous"
tt12713542,The Shattered Man,The Shattered Man,1971,60,Drama,7.0,7,6,writer,created by,3,7,Frank Glicksman,1921,1984,"writer,producer,miscellaneous"
tt78636324,Web of Darkness,Web of Darkness,1971,60,Drama,7.5,10,5,writer,created by,2,17,Frank Glicksman,1921,1984,"writer,producer,miscellaneous"
tt27261233,Love and the Arctic StationLove and the Pulitzer PrizeLove and the Tattoo,Love and the Arctic StationLove and the Pulitzer PrizeLove and the Tattoo,1971,30,"Comedy,Romance",8.0,15,9,producer,producer,2,19,William P. D'Angelo,1932,2002,"producer,director,writer"
tt77858410,Love and the Bakers Half DozenLove and the New RoommateLove and the RugLove and the Second Time,Love and the Bakers Half DozenLove and the New RoommateLove and the RugLove and the Second Time,1971,30,"Comedy,Romance",7.2,19,8,producer,producer,2,20,William P. D'Angelo,1932,2002,"producer,director,writer"
tt44792193,Love and the DuelLove and the NoteLove and the Young Unmarrieds,Love and the DuelLove and the NoteLove and the Young Unmarrieds,1971,30,"Comedy,Romance",7.1,17,9,producer,producer,2,23,William P. D'Angelo,1932,2002,"producer,director,writer"
tt48296279,Suitable for Framing,Suitable for Framing,1971,30,"Comedy,Drama,Family",7.7,14,9,producer,producer,3,6,William P. D'Angelo,1932,2002,"producer,director,writer"
tt34275872,Welcome Back Miss Brown,Welcome Back Miss Brown,1971,30,"Comedy,Drama,Family",7.5,14,8,producer,producer,3,4,William P. D'Angelo,1932,2002,"producer,director,writer"
tt19914989,Americas Guest,Americas Guest,1971,30,"Comedy,Drama,Family",7.6,14,9,producer,producer,3,3,William P. D'Angelo,1932,2002,"producer,director,writer"
tt19741608,Dixons Raiders,Dixons Raiders,1971,30,"Comedy,Drama,Family",8.1,13,8,producer,producer,3,10,William P. D'Angelo,1932,2002,"producer,director,writer"
tt89602604,Hail and Farewell,Hail and Farewell,1971,30,"Comedy,Drama,Family",8.3,12,8,producer,producer,3,7,William P. D'Angelo,1932,2002,"producer,director,writer"
tt45775932,Hi Dad,Hi Dad,1971,30,"Comedy,Drama,Family",6.7,15,8,producer,producer,3,5,William P. D'Angelo,1932,2002,"producer,director,writer"
tt10545907,KWWH,KWWH,1971,30,"Comedy,Drama,Family",7.2,14,8,producer,producer,3,1,William P. D'Angelo,1932,2002,"producer,director,writer"
tt60314023,Stay Awhile Mr Dream Chaser,Stay Awhile Mr Dream Chaser,1971,30,"Comedy,Drama,Family",7.6,13,9,producer,producer,3,9,William P. D'Angelo,1932,2002,"producer,director,writer"
tt46168093,The Sins of the Fathers,The Sins of the Fathers,1971,30,"Comedy,Drama,Family",8.2,17,8,producer,producer,3,12,William P. D'Angelo,1932,2002,"producer,director,writer"
tt94255483,The Stutterer,The Stutterer,1971,30,"Comedy,Drama,Family",7.9,15,8,producer,producer,3,2,William P. D'Angelo,1932,2002,"producer,director,writer"
tt39342157,They Love Me They Love Not,They Love Me They Love Not,1971,30,"Comedy,Drama,Family",6.9,12,9,producer,producer,3,13,William P. D'Angelo,1932,2002,"producer,director,writer"
tt97150478,What Is a Man,What Is a Man,1971,30,"Comedy,Drama,Family",8.1,16,8,producer,producer,3,11,William P. D'Angelo,1932,2002,"producer,director,writer"
tt90432714,Who Is Benedict Arnold,Who Is Benedict Arnold,1971,30,"Comedy,Drama,Family",7.9,13,9,producer,producer,3,8,William P. D'Angelo,1932,2002,"producer,director,writer"
tt42200663,Alias Smith and Jones,Alias Smith and Jones,1971,74,Western,7.7,509,6,writer,teleplay,1,1,Glen A. Larson,1937,2014,"writer,producer,music_department"
tt48588888,A Fistful of Diamonds,A Fistful of Diamonds,1971,50,Western,8.0,92,6,writer,created by,1,8,Glen A. Larson,1937,2014,"writer,producer,music_department"
tt72832012,Dreadful Sorry Clementine,Dreadful Sorry Clementine,1971,60,Western,8.3,76,7,writer,created by,2,10,Glen A. Larson,1937,2014,"writer,producer,music_department"
tt79179138,Everything Else You Can Steal,Everything Else You Can Steal,1971,60,Western,8.1,65,6,writer,created by,2,13,Glen A. Larson,1937,2014,"writer,producer,music_department"
tt20156522,Exit from Wickenburg,Exit from Wickenburg,1971,50,Western,8.0,115,6,writer,created by,1,3,Glen A. Larson,1937,2014,"writer,producer,music_department"
tt26613533,How to Rob a Bank in One Hard Lesson,How to Rob a Bank in One Hard Lesson,1971,60,Western,7.9,73,7,writer,created by,2,2,Glen A. Larson,1937,2014,"writer,producer,music_department"
tt24062649,Jailbreak at Junction City,Jailbreak at Junction City,1971,60,Western,8.3,70,6,writer,created by,2,3,Glen A. Larson,1937,2014,"writer,producer,music_department"
tt56298333,Journey from San Juan,Journey from San Juan,1971,50,Western,7.7,79,6,writer,created by,1,13,Glen A. Larson,1937,2014,"writer,producer,music_department"
tt68491398,Miracle at Santa Marta,Miracle at Santa Marta,1971,60,Western,7.6,70,7,writer,created by,2,14,Glen A. Larson,1937,2014,"writer,producer,music_department"
tt80232522,Never Trust an Honest Man,Never Trust an Honest Man,1971,50,Western,8.0,83,6,writer,created by,1,14,Glen A. Larson,1937,2014,"writer,producer,music_department"
tt64026719,Night of the Red Dog,Night of the Red Dog,1971,60,Western,8.6,85,7,writer,created by,2,8,Glen A. Larson,1937,2014,"writer,producer,music_department"
tt18703694,Return to Devils Hole,Return to Devils Hole,1971,50,Western,7.2,83,6,writer,created by,1,7,Glen A. Larson,1937,2014,"writer,producer,music_department"
tt36415733,Shootout at Diablo Station,Shootout at Diablo Station,1971,60,Western,8.1,72,6,writer,created by,2,11,Glen A. Larson,1937,2014,"writer,producer,music_department"
tt20301152,Six Strangers at Apache Springs,Six Strangers at Apache Springs,1971,60,Western,7.7,72,6,writer,created by,2,7,Glen A. Larson,1937,2014,"writer,producer,music_department"
tt22231356,Smiler with a Gun,Smiler with a Gun,1971,60,Western,8.3,75,7,writer,created by,2,4,Glen A. Larson,1937,2014,"writer,producer,music_department"
tt53158568,Something to Get Hung About,Something to Get Hung About,1971,60,Western,8.2,72,6,writer,created by,2,6,Glen A. Larson,1937,2014,"writer,producer,music_department"
tt89938301,Stagecoach Seven,Stagecoach Seven,1971,50,Western,8.1,95,6,writer,created by,1,9,Glen A. Larson,1937,2014,"writer,producer,music_department"
tt27318685,The Bounty Hunter,The Bounty Hunter,1971,60,Western,8.1,79,7,writer,created by,2,12,Glen A. Larson,1937,2014,"writer,producer,music_department"
tt50167282,The Day They Hanged Kid Curry,The Day They Hanged Kid Curry,1971,75,Western,7.3,97,6,writer,created by,2,1,Glen A. Larson,1937,2014,"writer,producer,music_department"
tt17921500,The 5th Victim,The 5th Victim,1971,50,Western,7.7,83,6,writer,created by,1,12,Glen A. Larson,1937,2014,"writer,producer,music_department"
tt21256282,The Girl in Boxcar 3,The Girl in Boxcar 3,1971,50,Western,7.5,102,6,writer,created by,1,5,Glen A. Larson,1937,2014,"writer,producer,music_department"
tt80854529,The Great Shell Game,The Great Shell Game,1971,50,Western,7.8,96,6,writer,created by,1,6,Glen A. Larson,1937,2014,"writer,producer,music_department"
tt99247590,The Legacy of Charlie ORourke,The Legacy of Charlie ORourke,1971,51,Western,7.7,76,6,writer,created by,1,15,Glen A. Larson,1937,2014,"writer,producer,music_department"
tt50474730,The Man Who Murdered Himself,The Man Who Murdered Himself,1971,51,Western,7.6,91,6,writer,created by,1,10,Glen A. Larson,1937,2014,"writer,producer,music_department"
tt60070968,The McCreedy Bust,The McCreedy Bust,1971,50,Western,8.1,118,6,writer,created by,1,2,Glen A. Larson,1937,2014,"writer,producer,music_department"
tt55638065,The Posse That Wouldnt Quit,The Posse That Wouldnt Quit,1971,60,Western,8.6,86,7,writer,created by,2,5,Glen A. Larson,1937,2014,"writer,producer,music_department"
tt61728961,The Reformation of Harry Briscoe,The Reformation of Harry Briscoe,1971,60,Western,7.6,61,7,writer,created by,2,9,Glen A. Larson,1937,2014,"writer,producer,music_department"
tt95049963,The Root of It All,The Root of It All,1971,50,Western,7.8,82,6,writer,created by,1,11,Glen A. Larson,1937,2014,"writer,producer,music_department"
tt89893594,Wrong Train to Brimstone,Wrong Train to Brimstone,1971,50,Western,8.3,110,6,writer,created by,1,4,Glen A. Larson,1937,2014,"writer,producer,music_department"
tt11679757,Flight to Nowhere,Flight to Nowhere,1972,60,Adventure,8.6,14,6,writer,creator,1,10,Leslie Stevens,1924,1998,"writer,producer,miscellaneous"
tt47162496,In Search of Midas,In Search of Midas,1972,60,Adventure,8.3,12,6,writer,creator,1,8,Leslie Stevens,1924,1998,"writer,producer,miscellaneous"
tt42817839,Live Men Tell Tales,Live Men Tell Tales,1972,60,Adventure,8.4,11,6,writer,creator,1,5,Leslie Stevens,1924,1998,"writer,producer,miscellaneous"
tt72589305,Moonrock,Moonrock,1972,60,Adventure,8.0,17,6,writer,creator,1,4,Leslie Stevens,1924,1998,"writer,producer,miscellaneous"
tt68029403,One of Our Probes Is Missing,One of Our Probes Is Missing,1972,60,Adventure,8.1,21,6,writer,creator,1,2,Leslie Stevens,1924,1998,"writer,producer,miscellaneous"
tt15486826,Operation Iceman,Operation Iceman,1972,60,Adventure,8.4,13,6,writer,creator,1,6,Leslie Stevens,1924,1998,"writer,producer,miscellaneous"
tt49982799,Short Circuit,Short Circuit,1972,60,Adventure,8.1,16,6,writer,creator,1,3,Leslie Stevens,1924,1998,"writer,producer,miscellaneous"
tt49326139,The Adonis File,The Adonis File,1972,60,Adventure,7.7,14,6,writer,creator,1,9,Leslie Stevens,1924,1998,"writer,producer,miscellaneous"
tt45247175,The Bullet,The Bullet,1972,60,Adventure,8.7,17,6,writer,creator,1,7,Leslie Stevens,1924,1998,"writer,producer,miscellaneous"
tt16127476,The Gold Machine,The Gold Machine,1972,60,Adventure,8.7,12,6,writer,creator,1,11,Leslie Stevens,1924,1998,"writer,producer,miscellaneous"
tt56808725,The Murrow Disappearance,The Murrow Disappearance,1972,60,Adventure,7.6,19,6,writer,creator,1,1,Leslie Stevens,1924,1998,"writer,producer,miscellaneous"
tt49248317,Today I Am a Freshman,Today I Am a Freshman,1972,26,"Comedy,Family",7.6,175,7,writer,written by,4,4,William Raynor,1920,1994,"writer,miscellaneous,script_department"
tt53469049,Expectant Papa,Expectant Papa,1972,23,"Animation,Comedy",7.3,11,5,writer,story,1,12,William Raynor,1920,1994,"writer,miscellaneous,script_department"
tt94318841,The Great Talent Raid,The Great Talent Raid,1972,24,Comedy,5.8,19,6,writer,written by,5,2,William Raynor,1920,1994,"writer,miscellaneous,script_department"
tt92438102,Marthas Last Hurrah,Marthas Last Hurrah,1972,30,Comedy,8.4,27,6,writer,written by,1,13,William Raynor,1920,1994,"writer,miscellaneous,script_department"
tt58131962,Today I Am a Freshman,Today I Am a Freshman,1972,26,"Comedy,Family",7.6,175,8,writer,written by,4,4,Myles Wilder,1933,2010,"writer,miscellaneous,producer"
tt70651186,Expectant Papa,Expectant Papa,1972,23,"Animation,Comedy",7.3,11,6,writer,story,1,12,Myles Wilder,1933,2010,"writer,miscellaneous,producer"
tt77093092,The Great Talent Raid,The Great Talent Raid,1972,24,Comedy,5.8,19,7,writer,written by,5,2,Myles Wilder,1933,2010,"writer,miscellaneous,producer"
tt76108999,Marthas Last Hurrah,Marthas Last Hurrah,1972,30,Comedy,8.4,27,7,writer,written by,1,13,Myles Wilder,1933,2010,"writer,miscellaneous,producer"
tt16605255,Wenn Steine sprechen,Wenn Steine sprechen,1972,85,"Crime,Drama,Mystery",6.0,52,6,writer,by,1,15,Bruno Hampel,1920,1996,"writer,actor"
tt13514401,Komm komm Casanova,Komm komm Casanova,1972,25,"Drama,Sport",6.2,6,6,writer,writer,1,8,Bruno Hampel,1920,1996,"writer,actor"
tt75744342,Flight to Nowhere,Flight to Nowhere,1972,60,Adventure,8.6,14,8,producer,producer,1,10,Robert H. Justman,1926,2008,"producer,assistant_director,visual_effects"
tt92591814,In Search of Midas,In Search of Midas,1972,60,Adventure,8.3,12,9,producer,producer,1,8,Robert H. Justman,1926,2008,"producer,assistant_director,visual_effects"
tt39303187,Live Men Tell Tales,Live Men Tell Tales,1972,60,Adventure,8.4,11,8,producer,producer,1,5,Robert H. Justman,1926,2008,"producer,assistant_director,visual_effects"
tt26423238,Moonrock,Moonrock,1972,60,Adventure,8.0,17,7,producer,producer,1,4,Robert H. Justman,1926,2008,"producer,assistant_director,visual_effects"
tt14966645,One of Our Probes Is Missing,One of Our Probes Is Missing,1972,60,Adventure,8.1,21,7,producer,producer,1,2,Robert H. Justman,1926,2008,"producer,assistant_director,visual_effects"
tt43645702,Operation Iceman,Operation Iceman,1972,60,Adventure,8.4,13,8,producer,producer,1,6,Robert H. Justman,1926,2008,"producer,assistant_director,visual_effects"
tt75683405,Short Circuit,Short Circuit,1972,60,Adventure,8.1,16,7,producer,producer,1,3,Robert H. Justman,1926,2008,"producer,assistant_director,visual_effects"
tt28056140,The Adonis File,The Adonis File,1972,60,Adventure,7.7,14,8,producer,producer,1,9,Robert H. Justman,1926,2008,"producer,assistant_director,visual_effects"
tt47322693,The Bullet,The Bullet,1972,60,Adventure,8.7,17,8,producer,producer,1,7,Robert H. Justman,1926,2008,"producer,assistant_director,visual_effects"
tt81169224,The Gold Machine,The Gold Machine,1972,60,Adventure,8.7,12,7,producer,producer,1,11,Robert H. Justman,1926,2008,"producer,assistant_director,visual_effects"
tt19238353,The Murrow Disappearance,The Murrow Disappearance,1972,60,Adventure,7.6,19,7,producer,producer,1,1,Robert H. Justman,1926,2008,"producer,assistant_director,visual_effects"
tt24192182,A Game for One Player,A Game for One Player,1972,60,Drama,8.4,6,7,writer,created by,4,14,Al C. Ward,1919,2009,"writer,producer,director"
tt79964173,Cycle of Peril,Cycle of Peril,1972,60,Drama,8.7,10,7,writer,created by,4,2,Al C. Ward,1919,2009,"writer,producer,director"
tt39242159,Pressure Point,Pressure Point,1972,60,Drama,7.6,6,7,writer,created by,4,15,Al C. Ward,1919,2009,"writer,producer,director"
tt50127070,Secret,Secret,1972,60,Drama,8.4,9,7,writer,created by,3,19,Al C. Ward,1919,2009,"writer,producer,director"
tt55486834,Terror,Terror,1972,60,Drama,8.4,7,7,writer,created by,3,18,Al C. Ward,1919,2009,"writer,producer,director"
tt77476559,A Game for One Player,A Game for One Player,1972,60,Drama,8.4,6,6,writer,created by,4,14,Frank Glicksman,1921,1984,"writer,producer,miscellaneous"
tt83251829,Cycle of Peril,Cycle of Peril,1972,60,Drama,8.7,10,6,writer,created by,4,2,Frank Glicksman,1921,1984,"writer,producer,miscellaneous"
tt76817486,Pressure Point,Pressure Point,1972,60,Drama,7.6,6,6,writer,created by,4,15,Frank Glicksman,1921,1984,"writer,producer,miscellaneous"
tt36163136,Secret,Secret,1972,60,Drama,8.4,9,6,writer,created by,3,19,Frank Glicksman,1921,1984,"writer,producer,miscellaneous"
tt92026096,Terror,Terror,1972,60,Drama,8.4,7,6,writer,created by,3,18,Frank Glicksman,1921,1984,"writer,producer,miscellaneous"
tt56778702,Bermondsey,Bermondsey,1972,30,"Crime,Drama",8.7,10,6,writer,writer,7,33,John Mortimer,1923,2009,"writer,actor,producer"
tt95069368,Mill Hill,Mill Hill,1972,30,"Crime,Drama",7.0,8,6,writer,writer,7,29,John Mortimer,1923,2009,"writer,actor,producer"
tt14188634,House Made of Dark Mist,House Made of Dark Mist,1972,30,"Comedy,Drama,Family",6.9,12,9,producer,producer,3,15,William P. D'Angelo,1932,2002,"producer,director,writer"
tt52531146,The Quitter,The Quitter,1972,30,"Comedy,Drama,Family",7.9,13,8,producer,producer,3,22,William P. D'Angelo,1932,2002,"producer,director,writer"
tt21100730,Where Is It Written,Where Is It Written,1972,30,"Comedy,Drama,Family",7.7,16,8,producer,producer,3,16,William P. D'Angelo,1932,2002,"producer,director,writer"
tt53117567,The Witch of Whitman High,The Witch of Whitman High,1972,30,"Comedy,Drama,Family",7.1,12,9,producer,producer,3,21,William P. D'Angelo,1932,2002,"producer,director,writer"
tt77005054,I Gave My Love,I Gave My Love,1972,30,"Comedy,Drama,Family",9.2,16,8,producer,producer,3,20,William P. D'Angelo,1932,2002,"producer,director,writer"
tt10356758,We Hold These Truths,We Hold These Truths,1972,30,"Comedy,Drama,Family",8.9,14,9,producer,producer,3,18,William P. D'Angelo,1932,2002,"producer,director,writer"
tt62026340,21 Days to Tenstrike,21 Days to Tenstrike,1972,60,Western,8.4,75,7,writer,created by,2,15,Glen A. Larson,1937,2014,"writer,producer,music_department"
tt43166028,Bad Night in Big Butte,Bad Night in Big Butte,1972,60,Western,6.8,59,6,writer,created by,2,23,Glen A. Larson,1937,2014,"writer,producer,music_department"
tt82726458,Bushwack,Bushwack,1972,60,Western,7.0,49,7,writer,created by,3,5,Glen A. Larson,1937,2014,"writer,producer,music_department"
tt80665263,Dont Get Mad Get Even,Dont Get Mad Get Even,1972,60,Western,7.2,55,6,writer,created by,2,21,Glen A. Larson,1937,2014,"writer,producer,music_department"
tt50106404,High Lonesome Country,High Lonesome Country,1972,60,Western,7.4,50,7,writer,created by,3,2,Glen A. Larson,1937,2014,"writer,producer,music_department"
tt20528883,McGuffin,McGuffin,1972,60,Western,7.6,57,6,writer,created by,3,10,Glen A. Larson,1937,2014,"writer,producer,music_department"
tt38465443,The Biggest Game in the West,The Biggest Game in the West,1972,60,Western,7.7,64,6,writer,created by,2,19,Glen A. Larson,1937,2014,"writer,producer,music_department"
tt90264245,The Clementine Ingredient,The Clementine Ingredient,1972,60,Western,7.3,55,7,writer,created by,3,4,Glen A. Larson,1937,2014,"writer,producer,music_department"
tt43787285,The Day the Amnesty Came Through,The Day the Amnesty Came Through,1972,60,Western,7.0,49,7,writer,created by,3,8,Glen A. Larson,1937,2014,"writer,producer,music_department"
tt44959891,The Long Chase,The Long Chase,1972,90,Western,7.6,56,6,writer,created by,3,1,Glen A. Larson,1937,2014,"writer,producer,music_department"
tt53473927,The Man Who Broke the Bank at Red Gap,The Man Who Broke the Bank at Red Gap,1972,60,Western,8.1,59,6,writer,created by,2,17,Glen A. Larson,1937,2014,"writer,producer,music_department"
tt89543104,The McCreedy Bust Going Going Gone,The McCreedy Bust Going Going Gone,1972,60,Western,8.3,73,7,writer,created by,2,16,Glen A. Larson,1937,2014,"writer,producer,music_department"
tt98584283,The McCreedy Feud,The McCreedy Feud,1972,60,Western,7.1,56,7,writer,created by,3,3,Glen A. Larson,1937,2014,"writer,producer,music_department"
tt60910602,The Men That Corrupted Hadleyburg,The Men That Corrupted Hadleyburg,1972,60,Western,8.5,71,7,writer,created by,2,18,Glen A. Larson,1937,2014,"writer,producer,music_department"
tt20994469,The Strange Fate of Conrad Meyer Zulick,The Strange Fate of Conrad Meyer Zulick,1972,60,Western,7.2,44,7,writer,created by,3,9,Glen A. Larson,1937,2014,"writer,producer,music_department"
tt62041116,The Ten Days That Shook Kid Curry,The Ten Days That Shook Kid Curry,1972,60,Western,7.0,52,7,writer,created by,3,7,Glen A. Larson,1937,2014,"writer,producer,music_department"
tt30383433,What Happened at the XST,What Happened at the XST,1972,60,Western,7.2,48,6,writer,created by,3,6,Glen A. Larson,1937,2014,"writer,producer,music_department"
tt11915011,Whats in It for Mia,Whats in It for Mia,1972,60,Western,7.2,56,7,writer,created by,2,22,Glen A. Larson,1937,2014,"writer,producer,music_department"
tt96601015,Which Way to the OK Corral,Which Way to the OK Corral,1972,60,Western,7.2,71,7,writer,created by,2,20,Glen A. Larson,1937,2014,"writer,producer,music_department"
tt28511896,Witness to a Lynching,Witness to a Lynching,1972,60,Western,7.1,45,7,writer,created by,3,11,Glen A. Larson,1937,2014,"writer,producer,music_department"
tt21958748,A Honeymoon to Kill,A Honeymoon to Kill,1973,60,Adventure,8.0,15,6,writer,creator,1,13,Leslie Stevens,1924,1998,"writer,producer,miscellaneous"
tt49777633,Countdown to Panic,Countdown to Panic,1973,60,Adventure,8.2,13,6,writer,creator,1,16,Leslie Stevens,1924,1998,"writer,producer,miscellaneous"
tt66598450,Ends of the Earth,Ends of the Earth,1973,60,Adventure,7.6,10,6,writer,creator,1,21,Leslie Stevens,1924,1998,"writer,producer,miscellaneous"
tt53558670,Goddess of Destruction,Goddess of Destruction,1973,60,Adventure,8.0,12,6,writer,creator,1,18,Leslie Stevens,1924,1998,"writer,producer,miscellaneous"
tt69408593,Let Us Prey,Let Us Prey,1973,60,Adventure,8.4,12,6,writer,creator,1,12,Leslie Stevens,1924,1998,"writer,producer,miscellaneous"
tt26795487,Moment of Madness,Moment of Madness,1973,60,Adventure,8.4,14,6,writer,creator,1,20,Leslie Stevens,1924,1998,"writer,producer,miscellaneous"
tt45370252,Numbered for Death,Numbered for Death,1973,60,Adventure,7.7,9,6,writer,creator,1,15,Leslie Stevens,1924,1998,"writer,producer,miscellaneous"
tt55105325,Suffer My Child,Suffer My Child,1973,60,Adventure,8.4,11,6,writer,creator,1,22,Leslie Stevens,1924,1998,"writer,producer,miscellaneous"
tt76303254,The Clayton Lewis Document,The Clayton Lewis Document,1973,60,Adventure,6.9,13,6,writer,creator,1,17,Leslie Stevens,1924,1998,"writer,producer,miscellaneous"
tt56340022,The Mattson Papers,The Mattson Papers,1973,60,Adventure,7.4,10,6,writer,creator,1,19,Leslie Stevens,1924,1998,"writer,producer,miscellaneous"
tt64326191,The Packagers,The Packagers,1973,60,Adventure,8.1,12,6,writer,creator,1,23,Leslie Stevens,1924,1998,"writer,producer,miscellaneous"
tt38232271,The 24 Carat Hit,The 24 Carat Hit,1973,60,Adventure,7.9,10,6,writer,creator,1,14,Leslie Stevens,1924,1998,"writer,producer,miscellaneous"
tt78853283,A Room at the Top,A Room at the Top,1973,26,"Comedy,Family",7.6,165,7,writer,written by,4,23,William Raynor,1920,1994,"writer,miscellaneous,script_department"
tt48604952,The Magnificent Fraud,The Magnificent Fraud,1973,25,Comedy,6.9,17,7,writer,written by,5,21,William Raynor,1920,1994,"writer,miscellaneous,script_department"
tt83461270,Diamonds Are a Crooks Best Friend,Diamonds Are a Crooks Best Friend,1973,23,"Animation,Comedy,Family",6.8,8,6,writer,story,1,1,William Raynor,1920,1994,"writer,miscellaneous,script_department"
tt12178261,Follow That Dog,Follow That Dog,1973,24,Comedy,6.6,17,6,writer,written by,5,14,William Raynor,1920,1994,"writer,miscellaneous,script_department"
tt87167728,The Addams Family in New York,The Addams Family in New York,1973,23,"Animation,Comedy,Family",6.5,50,7,writer,story,1,1,William Raynor,1920,1994,"writer,miscellaneous,script_department"
tt41547177,Welcome to Big Sur Sir,Welcome to Big Sur Sir,1973,24,Comedy,7.2,18,6,writer,written by,5,23,William Raynor,1920,1994,"writer,miscellaneous,script_department"
tt29224043,Out of Bounds,Out of Bounds,1973,30,Comedy,8.7,23,6,writer,written by,1,20,William Raynor,1920,1994,"writer,miscellaneous,script_department"
tt65857256,Boola Boola,Boola Boola,1973,23,"Animation,Comedy,Family",5.8,34,7,writer,story,1,3,William Raynor,1920,1994,"writer,miscellaneous,script_department"
tt51097864,Left in the Lurch,Left in the Lurch,1973,23,"Animation,Comedy,Family",6.5,38,7,writer,story,1,2,William Raynor,1920,1994,"writer,miscellaneous,script_department"
tt34887866,Fastest Creepy Camper in the West,Fastest Creepy Camper in the West,1973,23,"Animation,Comedy,Family",6.4,32,8,writer,story,1,4,William Raynor,1920,1994,"writer,miscellaneous,script_department"
tt17095766,The Mardi Gras Story,The Mardi Gras Story,1973,23,"Animation,Comedy,Family",6.5,30,8,writer,story,1,5,William Raynor,1920,1994,"writer,miscellaneous,script_department"
tt63817529,Aloha Hoolamagoola,Aloha Hoolamagoola,1973,23,"Animation,Comedy,Family",6.3,31,8,writer,story,1,7,William Raynor,1920,1994,"writer,miscellaneous,script_department"
tt86209959,The Reluctant Astronauts Trip to the Moon,The Reluctant Astronauts Trip to the Moon,1973,23,"Animation,Comedy,Family",6.6,30,8,writer,story,1,8,William Raynor,1920,1994,"writer,miscellaneous,script_department"
tt46543578,The Great Balloon Race,The Great Balloon Race,1973,23,"Animation,Comedy,Family",6.3,30,8,writer,story,1,9,William Raynor,1920,1994,"writer,miscellaneous,script_department"
tt69527496,Ghost Town,Ghost Town,1973,23,"Animation,Comedy,Family",6.6,33,8,writer,story,1,10,William Raynor,1920,1994,"writer,miscellaneous,script_department"
tt36559351,The Circus Story,The Circus Story,1973,23,"Animation,Comedy,Family",6.5,30,8,writer,story,1,11,William Raynor,1920,1994,"writer,miscellaneous,script_department"
tt88729488,The Addams Family at Sea,The Addams Family at Sea,1973,23,"Animation,Comedy,Family",6.0,28,8,writer,story,1,12,William Raynor,1920,1994,"writer,miscellaneous,script_department"
tt94138744,The Voodoo Story,The Voodoo Story,1973,21,"Animation,Comedy,Family",5.9,28,8,writer,story,1,13,William Raynor,1920,1994,"writer,miscellaneous,script_department"
tt65138662,The Roller Derby Story,The Roller Derby Story,1973,23,"Animation,Comedy,Family",5.8,30,8,writer,story,1,14,William Raynor,1920,1994,"writer,miscellaneous,script_department"
tt19959773,The Addams Family Goes West,The Addams Family Goes West,1973,22,"Animation,Comedy,Family",5.8,29,8,writer,story,1,15,William Raynor,1920,1994,"writer,miscellaneous,script_department"
tt11368366,The Addams Family at the Kentucky Derby,The Addams Family at the Kentucky Derby,1973,21,"Animation,Comedy,Family",6.1,31,8,writer,story,1,16,William Raynor,1920,1994,"writer,miscellaneous,script_department"
tt25810729,A Room at the Top,A Room at the Top,1973,26,"Comedy,Family",7.6,165,8,writer,written by,4,23,Myles Wilder,1933,2010,"writer,miscellaneous,producer"
tt30590024,The Magnificent Fraud,The Magnificent Fraud,1973,25,Comedy,6.9,17,8,writer,written by,5,21,Myles Wilder,1933,2010,"writer,miscellaneous,producer"
tt43549284,Diamonds Are a Crooks Best Friend,Diamonds Are a Crooks Best Friend,1973,23,"Animation,Comedy,Family",6.8,8,7,writer,story,1,1,Myles Wilder,1933,2010,"writer,miscellaneous,producer"
tt69705901,Follow That Dog,Follow That Dog,1973,24,Comedy,6.6,17,7,writer,written by,5,14,Myles Wilder,1933,2010,"writer,miscellaneous,producer"
tt80876950,The Addams Family in New York,The Addams Family in New York,1973,23,"Animation,Comedy,Family",6.5,50,8,writer,story,1,1,Myles Wilder,1933,2010,"writer,miscellaneous,producer"
tt48370414,Welcome to Big Sur Sir,Welcome to Big Sur Sir,1973,24,Comedy,7.2,18,7,writer,written by,5,23,Myles Wilder,1933,2010,"writer,miscellaneous,producer"
tt77960237,Out of Bounds,Out of Bounds,1973,30,Comedy,8.7,23,7,writer,written by,1,20,Myles Wilder,1933,2010,"writer,miscellaneous,producer"
tt60479804,Boola Boola,Boola Boola,1973,23,"Animation,Comedy,Family",5.8,34,8,writer,story,1,3,Myles Wilder,1933,2010,"writer,miscellaneous,producer"
tt73225497,Fastest Creepy Camper in the West,Fastest Creepy Camper in the West,1973,23,"Animation,Comedy,Family",6.4,32,9,writer,story,1,4,Myles Wilder,1933,2010,"writer,miscellaneous,producer"
tt26848526,The Mardi Gras Story,The Mardi Gras Story,1973,23,"Animation,Comedy,Family",6.5,30,9,writer,story,1,5,Myles Wilder,1933,2010,"writer,miscellaneous,producer"
tt93915566,Aloha Hoolamagoola,Aloha Hoolamagoola,1973,23,"Animation,Comedy,Family",6.3,31,9,writer,story,1,7,Myles Wilder,1933,2010,"writer,miscellaneous,producer"
tt14185862,The Reluctant Astronauts Trip to the Moon,The Reluctant Astronauts Trip to the Moon,1973,23,"Animation,Comedy,Family",6.6,30,9,writer,story,1,8,Myles Wilder,1933,2010,"writer,miscellaneous,producer"
tt63217188,The Great Balloon Race,The Great Balloon Race,1973,23,"Animation,Comedy,Family",6.3,30,9,writer,story,1,9,Myles Wilder,1933,2010,"writer,miscellaneous,producer"
tt67940912,Ghost Town,Ghost Town,1973,23,"Animation,Comedy,Family",6.6,33,9,writer,story,1,10,Myles Wilder,1933,2010,"writer,miscellaneous,producer"
tt63387405,The Circus Story,The Circus Story,1973,23,"Animation,Comedy,Family",6.5,30,9,writer,story,1,11,Myles Wilder,1933,2010,"writer,miscellaneous,producer"
tt95759294,The Addams Family at Sea,The Addams Family at Sea,1973,23,"Animation,Comedy,Family",6.0,28,9,writer,story,1,12,Myles Wilder,1933,2010,"writer,miscellaneous,producer"
tt80296029,The Voodoo Story,The Voodoo Story,1973,21,"Animation,Comedy,Family",5.9,28,9,writer,story,1,13,Myles Wilder,1933,2010,"writer,miscellaneous,producer"
tt61272342,The Roller Derby Story,The Roller Derby Story,1973,23,"Animation,Comedy,Family",5.8,30,9,writer,story,1,14,Myles Wilder,1933,2010,"writer,miscellaneous,producer"
tt26745441,The Addams Family Goes West,The Addams Family Goes West,1973,22,"Animation,Comedy,Family",5.8,29,9,writer,story,1,15,Myles Wilder,1933,2010,"writer,miscellaneous,producer"
tt12793181,The Addams Family at the Kentucky Derby,The Addams Family at the Kentucky Derby,1973,21,"Animation,Comedy,Family",6.1,31,9,writer,story,1,16,Myles Wilder,1933,2010,"writer,miscellaneous,producer"
tt92446737,Das fehlende Gewicht,Das fehlende Gewicht,1973,77,"Crime,Drama,Mystery",5.3,32,6,writer,scenario,1,33,Bruno Hampel,1920,1996,"writer,actor"
tt93231789,A Honeymoon to Kill,A Honeymoon to Kill,1973,60,Adventure,8.0,15,8,producer,producer,1,13,Robert H. Justman,1926,2008,"producer,assistant_director,visual_effects"
tt30684422,Let Us Prey,Let Us Prey,1973,60,Adventure,8.4,12,8,producer,producer,1,12,Robert H. Justman,1926,2008,"producer,assistant_director,visual_effects"
tt64516183,Suffer My Child,Suffer My Child,1973,60,Adventure,8.4,11,8,producer,producer,1,22,Robert H. Justman,1926,2008,"producer,assistant_director,visual_effects"
tt61784484,The Packagers,The Packagers,1973,60,Adventure,8.1,12,8,producer,producer,1,23,Robert H. Justman,1926,2008,"producer,assistant_director,visual_effects"
tt38814527,The Adventures of Don Quixote,The Adventures of Don Quixote,1973,100,Drama,7.0,29,9,producer,producer,8,5,Gerald Savory,1909,1996,"writer,producer,script_department"
tt88735439,Fatal Memory,Fatal Memory,1973,60,Drama,8.2,6,7,writer,created by,4,23,Al C. Ward,1919,2009,"writer,producer,director"
tt47668809,Impasse,Impasse,1973,60,Drama,6.7,9,7,writer,created by,5,4,Al C. Ward,1919,2009,"writer,producer,director"
tt98892546,Question of Guilt,Question of Guilt,1973,60,Drama,7.0,7,7,writer,created by,4,16,Al C. Ward,1919,2009,"writer,producer,director"
tt18914394,Woman for Hire,Woman for Hire,1973,60,Drama,8.3,8,8,writer,created by,5,9,Al C. Ward,1919,2009,"writer,producer,director"
tt30376921,Fatal Memory,Fatal Memory,1973,60,Drama,8.2,6,6,writer,created by,4,23,Frank Glicksman,1921,1984,"writer,producer,miscellaneous"
tt19337516,Impasse,Impasse,1973,60,Drama,6.7,9,6,writer,created by,5,4,Frank Glicksman,1921,1984,"writer,producer,miscellaneous"
tt91834052,Question of Guilt,Question of Guilt,1973,60,Drama,7.0,7,6,writer,created by,4,16,Frank Glicksman,1921,1984,"writer,producer,miscellaneous"
tt98363935,Woman for Hire,Woman for Hire,1973,60,Drama,8.3,8,7,writer,created by,5,9,Frank Glicksman,1921,1984,"writer,producer,miscellaneous"
tt60878999,A Little Glory a Little Death,A Little Glory a Little Death,1973,60,"Crime,Drama,Mystery",7.8,82,8,producer,producer,1,12,Gene Levitt,1920,1999,"writer,producer,director"
tt86917116,MurderGoRound,MurderGoRound,1973,60,"Crime,Drama,Mystery",8.4,104,8,producer,producer,1,10,Gene Levitt,1920,1999,"writer,producer,director"
tt43506024,Murder in the Dolls House,Murder in the Dolls House,1973,60,"Crime,Drama,Mystery",7.8,105,8,producer,producer,1,7,Gene Levitt,1920,1999,"writer,producer,director"
tt38525571,Perchance to Kill,Perchance to Kill,1973,60,"Crime,Drama,Mystery",7.6,95,8,producer,producer,1,5,Gene Levitt,1920,1999,"writer,producer,director"
tt58262457,See Some Evil Do Some Evil,See Some Evil Do Some Evil,1973,60,"Crime,Drama,Mystery",8.0,100,8,producer,producer,1,9,Gene Levitt,1920,1999,"writer,producer,director"
tt72273946,Sing a Song of Murder,Sing a Song of Murder,1973,60,"Crime,Drama,Mystery",8.1,96,9,producer,producer,1,8,Gene Levitt,1920,1999,"writer,producer,director"
tt76707452,Sunday Doomsday,Sunday Doomsday,1973,60,"Crime,Drama,Mystery",7.6,114,9,producer,producer,1,3,Gene Levitt,1920,1999,"writer,producer,director"
tt66110848,The Loose Connection,The Loose Connection,1973,60,"Crime,Drama,Mystery",7.7,94,8,producer,producer,1,6,Gene Levitt,1920,1999,"writer,producer,director"
tt51575754,The Murdering Class,The Murdering Class,1973,60,"Crime,Drama,Mystery",7.9,109,8,producer,producer,1,4,Gene Levitt,1920,1999,"writer,producer,director"
tt73932790,To Catch a Dead Man,To Catch a Dead Man,1973,60,"Crime,Drama,Mystery",7.8,132,8,producer,producer,1,2,Gene Levitt,1920,1999,"writer,producer,director"
tt72862849,To Denise with Love and Murder,To Denise with Love and Murder,1973,60,"Crime,Drama,Mystery",8.2,100,8,producer,producer,1,11,Gene Levitt,1920,1999,"writer,producer,director"
tt32791969,Twenty Million Alibis,Twenty Million Alibis,1973,60,"Crime,Drama,Mystery",7.9,81,8,producer,producer,1,13,Gene Levitt,1920,1999,"writer,producer,director"
tt76544985,Only Three to a Bed,Only Three to a Bed,1973,60,Western,6.7,51,6,writer,created by,3,12,Glen A. Larson,1937,2014,"writer,producer,music_department"
tt76036878,Girl from Bedlam,Girl from Bedlam,1974,60,Drama,8.3,7,7,writer,created by,5,18,Al C. Ward,1919,2009,"writer,producer,director"
tt40014351,Saturdays Child,Saturdays Child,1974,60,Drama,8.0,8,7,writer,created by,6,14,Al C. Ward,1919,2009,"writer,producer,director"
tt41223404,The Spectre,The Spectre,1974,60,Drama,6.6,6,7,writer,created by,5,19,Al C. Ward,1919,2009,"writer,producer,director"
tt64924166,Trial by Knife,Trial by Knife,1974,60,Drama,7.4,8,7,writer,created by,5,14,Al C. Ward,1919,2009,"writer,producer,director"
tt38737963,Girl from Bedlam,Girl from Bedlam,1974,60,Drama,8.3,7,6,writer,created by,5,18,Frank Glicksman,1921,1984,"writer,producer,miscellaneous"
tt79613982,Saturdays Child,Saturdays Child,1974,60,Drama,8.0,8,6,writer,created by,6,14,Frank Glicksman,1921,1984,"writer,producer,miscellaneous"
tt19366373,The Spectre,The Spectre,1974,60,Drama,6.6,6,6,writer,created by,5,19,Frank Glicksman,1921,1984,"writer,producer,miscellaneous"
tt14674645,Trial by Knife,Trial by Knife,1974,60,Drama,7.4,8,6,writer,created by,5,14,Frank Glicksman,1921,1984,"writer,producer,miscellaneous"
tt30770790,Classroom Marriage,Classroom Marriage,1975,30,Comedy,7.4,69,10,writer,written by,1,7,William Raynor,1920,1994,"writer,miscellaneous,script_department"
tt22115751,A Ransom for Richard,A Ransom for Richard,1975,30,"Adventure,Comedy",7.3,21,9,writer,written by,1,5,William Raynor,1920,1994,"writer,miscellaneous,script_department"
tt22946796,A Ransom for Richard,A Ransom for Richard,1975,30,"Adventure,Comedy",7.3,21,10,writer,written by,1,5,Myles Wilder,1933,2010,"writer,miscellaneous,producer"
tt57508302,A Coven of Killers,A Coven of Killers,1975,50,"Action,Crime,Drama",7.9,57,9,producer,producer,1,2,Barry Shear,1923,1979,"director,producer,writer"
tt43715741,Hit Men,Hit Men,1975,50,"Action,Crime,Drama",7.4,41,9,producer,producer,1,5,Barry Shear,1923,1979,"director,producer,writer"
tt65319959,Pressure Cooker,Pressure Cooker,1975,50,"Action,Crime,Drama",7.2,45,9,producer,producer,1,4,Barry Shear,1923,1979,"director,producer,writer"
tt47941973,The Captives,The Captives,1975,60,Drama,7.8,10,7,writer,created by,6,17,Al C. Ward,1919,2009,"writer,producer,director"
tt52238926,The Fourth Sex Part 1,The Fourth Sex Part 1,1975,60,Drama,7.5,21,7,writer,created by,7,1,Al C. Ward,1919,2009,"writer,producer,director"
tt73148243,The Fourth Sex Part 2,The Fourth Sex Part 2,1975,60,Drama,7.4,25,7,writer,created by,7,2,Al C. Ward,1919,2009,"writer,producer,director"
tt10687891,The Captives,The Captives,1975,60,Drama,7.8,10,6,writer,created by,6,17,Frank Glicksman,1921,1984,"writer,producer,miscellaneous"
tt25563640,The Fourth Sex Part 1,The Fourth Sex Part 1,1975,60,Drama,7.5,21,6,writer,created by,7,1,Frank Glicksman,1921,1984,"writer,producer,miscellaneous"
tt81479432,The Fourth Sex Part 2,The Fourth Sex Part 2,1975,60,Drama,7.4,25,6,writer,created by,7,2,Frank Glicksman,1921,1984,"writer,producer,miscellaneous"
tt30266376,Rumpole of the Bailey,Rumpole of the Bailey,1975,61,"Comedy,Drama",8.3,141,6,writer,written by,6,10,John Mortimer,1923,2009,"writer,actor,producer"
tt17807796,My Son the Murderer,My Son the Murderer,1975,60,"Crime,Drama",6.7,11,8,writer,written by,1,17,Gene Levitt,1920,1999,"writer,producer,director"
tt58579767,CrissCross,CrissCross,1975,51,"Action,Crime,Drama",7.7,27,9,producer,producer,2,7,Gene Levitt,1920,1999,"writer,producer,director"
tt17816090,Murder by Fire,Murder by Fire,1975,51,"Action,Crime,Drama",8.1,20,9,producer,producer,2,14,Gene Levitt,1920,1999,"writer,producer,director"
tt47712590,Ordeal,Ordeal,1975,60,"Action,Crime,Drama",7.7,24,9,producer,producer,2,10,Gene Levitt,1920,1999,"writer,producer,director"
tt16944306,The Swinger,The Swinger,1975,60,"Action,Crime,Drama",7.6,26,9,producer,producer,2,12,Gene Levitt,1920,1999,"writer,producer,director"
tt37130231,Vigilante,Vigilante,1975,60,"Action,Crime,Drama",8.0,26,9,producer,producer,2,8,Gene Levitt,1920,1999,"writer,producer,director"
tt86126930,Strike Force,Strike Force,1975,51,"Action,Crime,Drama",7.7,24,9,producer,producer,2,11,Gene Levitt,1920,1999,"writer,producer,director"
tt16842546,Las Vegas Roundabout,Las Vegas Roundabout,1975,90,"Action,Crime,Drama",7.5,84,7,writer,writer,1,0,Glen A. Larson,1937,2014,"writer,producer,music_department"
tt46465095,Im Your New Neighbor,Im Your New Neighbor,1975,60,"Crime,Drama",7.4,10,8,writer,teleplay,1,22,Glen A. Larson,1937,2014,"writer,producer,music_department"
tt74356697,Targets,Targets,1976,60,"Action,Adventure,Sci-Fi",6.7,16,6,writer,created for television by,1,6,Leslie Stevens,1924,1998,"writer,producer,miscellaneous"
tt46209918,Bestimmungsort Frankfurt,Bestimmungsort Frankfurt,1976,24,"Action,Drama",7.4,5,6,writer,writer,1,1,Bruno Hampel,1920,1996,"writer,actor"
tt41929562,Any Second Now,Any Second Now,1976,51,"Action,Crime,Drama",7.8,20,9,producer,producer,2,22,Gene Levitt,1920,1999,"writer,producer,director"
tt51653693,Dragons and Owls,Dragons and Owls,1976,51,"Action,Crime,Drama",7.6,21,10,producer,producer,2,21,Gene Levitt,1920,1999,"writer,producer,director"
tt43896478,Officer Luca Youre Dead,Officer Luca Youre Dead,1976,51,"Action,Crime,Drama",7.6,24,9,producer,producer,2,25,Gene Levitt,1920,1999,"writer,producer,director"
tt54132045,Soldier on the Hill,Soldier on the Hill,1976,51,"Action,Crime,Drama",8.2,33,10,producer,producer,2,23,Gene Levitt,1920,1999,"writer,producer,director"
tt47522167,The Chinese Connection,The Chinese Connection,1976,51,"Action,Crime,Drama",7.8,24,9,producer,producer,2,20,Gene Levitt,1920,1999,"writer,producer,director"
tt60491709,Man from Atlantis,Man from Atlantis,1977,100,"Adventure,Fantasy,Sci-Fi",6.6,379,7,producer,producer,1,1,Robert H. Justman,1926,2008,"producer,assistant_director,visual_effects"
tt95298749,Pilot,Pilot,1977,100,"Adventure,Family,Fantasy",6.6,375,6,writer,written by,1,1,Gene Levitt,1920,1999,"writer,producer,director"
tt85495903,Mystery of the Hollywood Phantom Part I,Mystery of the Hollywood Phantom Part I,1977,60,"Crime,Family,Mystery",7.9,76,7,writer,developed for television by,2,4,Glen A. Larson,1937,2014,"writer,producer,music_department"
tt72266668,Mystery of the Hollywood Phantom Part II,Mystery of the Hollywood Phantom Part II,1977,60,"Crime,Family,Mystery",7.5,68,7,writer,developed for television by,2,5,Glen A. Larson,1937,2014,"writer,producer,music_department"
tt66659337,The Flickering Torch Mystery,The Flickering Torch Mystery,1977,60,"Crime,Family,Mystery",7.0,68,6,writer,television developer,1,7,Glen A. Larson,1937,2014,"writer,producer,music_department"
tt12624770,A Haunting We Will Go,A Haunting We Will Go,1977,60,"Crime,Family,Mystery",7.7,77,6,writer,developed for television by,1,8,Glen A. Larson,1937,2014,"writer,producer,music_department"
tt13992407,Acapulco Spies,Acapulco Spies,1977,60,"Crime,Family,Mystery",6.9,53,7,writer,developed for television by,2,9,Glen A. Larson,1937,2014,"writer,producer,music_department"
tt46416500,Hardy Boys and Nancy Drew Meet Dracula Part I,Hardy Boys and Nancy Drew Meet Dracula Part I,1977,60,"Crime,Family,Mystery",7.9,92,6,writer,written by,2,1,Glen A. Larson,1937,2014,"writer,producer,music_department"
tt14992318,Hardy Boys and Nancy Drew Meet Dracula Part II,Hardy Boys and Nancy Drew Meet Dracula Part II,1977,60,"Crime,Family,Mystery",7.9,70,6,writer,written by,2,2,Glen A. Larson,1937,2014,"writer,producer,music_department"
tt11059506,Nancy Drews Love Match,Nancy Drews Love Match,1977,60,"Crime,Family,Mystery",6.7,51,7,writer,story,2,10,Glen A. Larson,1937,2014,"writer,producer,music_department"
tt13929435,The Creatures Who Came on Sunday,The Creatures Who Came on Sunday,1977,60,"Crime,Family,Mystery",7.1,65,8,writer,developed for television by,2,7,Glen A. Larson,1937,2014,"writer,producer,music_department"
tt33055252,The Disappearing Floor,The Disappearing Floor,1977,60,"Crime,Family,Mystery",6.6,87,8,writer,television developer,1,5,Glen A. Larson,1937,2014,"writer,producer,music_department"
tt75825810,The Mystery of Pirates Cove,The Mystery of Pirates Cove,1977,60,"Crime,Family,Mystery",7.3,89,6,writer,written by,1,2,Glen A. Larson,1937,2014,"writer,producer,music_department"
tt75352732,The Mystery of Witches Hollow,The Mystery of Witches Hollow,1977,60,"Crime,Family,Mystery",6.8,101,7,writer,television developer,1,3,Glen A. Larson,1937,2014,"writer,producer,music_department"
tt75245721,The Mystery of the African Safari,The Mystery of the African Safari,1977,60,"Crime,Family,Mystery",6.7,54,7,writer,developed for television by,2,6,Glen A. Larson,1937,2014,"writer,producer,music_department"
tt85212546,The Mystery of the Diamond Triangle,The Mystery of the Diamond Triangle,1977,60,"Crime,Family,Mystery",6.8,72,7,writer,television developer,1,4,Glen A. Larson,1937,2014,"writer,producer,music_department"
tt49664566,Mystery of the Fallen Angels,Mystery of the Fallen Angels,1977,60,"Crime,Family,Mystery",6.6,75,7,writer,television developer,1,10,Glen A. Larson,1937,2014,"writer,producer,music_department"
tt71408246,The Mystery of the Flying Courier,The Mystery of the Flying Courier,1977,60,"Crime,Family,Mystery",6.9,52,7,writer,television developer,1,9,Glen A. Larson,1937,2014,"writer,producer,music_department"
tt99956661,The Mystery of the Ghostwriters Cruise,The Mystery of the Ghostwriters Cruise,1977,60,"Crime,Family,Mystery",7.1,68,6,writer,television developer,1,12,Glen A. Larson,1937,2014,"writer,producer,music_department"
tt40114130,The Secret of the Jade Kwan Yin,The Secret of the Jade Kwan Yin,1977,60,"Crime,Family,Mystery",6.5,55,6,writer,television developer,1,13,Glen A. Larson,1937,2014,"writer,producer,music_department"
tt15364343,Mystery of the Solid Gold Kicker,Mystery of the Solid Gold Kicker,1977,60,"Crime,Family,Mystery",6.9,61,7,writer,television developer,1,14,Glen A. Larson,1937,2014,"writer,producer,music_department"
tt48238749,The Secret of the Whispering Walls,The Secret of the Whispering Walls,1977,60,"Crime,Family,Mystery",6.9,68,6,writer,developed for television by,1,6,Glen A. Larson,1937,2014,"writer,producer,music_department"
tt77981863,WipeOut,WipeOut,1977,60,"Crime,Family,Mystery",6.4,56,7,writer,television developer,1,11,Glen A. Larson,1937,2014,"writer,producer,music_department"
tt69832989,Mothers Last Visit,Mothers Last Visit,1978,24,"Comedy,Drama,Family",7.3,118,6,writer,written by,1,3,William Raynor,1920,1994,"writer,miscellaneous,script_department"
tt33331675,Forget Pearl Harbor,Forget Pearl Harbor,1978,30,Comedy,7.0,8,7,writer,story,2,9,William Raynor,1920,1994,"writer,miscellaneous,script_department"
tt80241474,Mothers Last Visit,Mothers Last Visit,1978,24,"Comedy,Drama,Family",7.3,118,7,writer,written by,1,3,Myles Wilder,1933,2010,"writer,miscellaneous,producer"
tt54976024,Forget Pearl Harbor,Forget Pearl Harbor,1978,30,Comedy,7.0,8,8,writer,story,2,9,Myles Wilder,1933,2010,"writer,miscellaneous,producer"
tt19687261,Die Kolonne,Die Kolonne,1978,59,"Crime,Drama",7.5,33,6,writer,writer,2,9,Bruno Hampel,1920,1996,"writer,actor"
tt74615611,Marholms Erben,Marholms Erben,1978,58,"Crime,Drama",7.8,37,6,writer,writer,2,13,Bruno Hampel,1920,1996,"writer,actor"
tt65238548,Rumpole and the Heavy Brigade,Rumpole and the Heavy Brigade,1978,55,"Crime,Drama,Mystery",8.0,89,6,writer,written by,1,6,John Mortimer,1923,2009,"writer,actor,producer"
tt46987735,Rumpole and the Honourable Member,Rumpole and the Honourable Member,1978,52,"Crime,Drama,Mystery",7.8,90,6,writer,written by,1,3,John Mortimer,1923,2009,"writer,actor,producer"
tt97158043,Rumpole and the Learned Friends,Rumpole and the Learned Friends,1978,52,"Crime,Drama,Mystery",7.8,83,6,writer,written by,1,5,John Mortimer,1923,2009,"writer,actor,producer"
tt84393500,Rumpole and the Married Lady,Rumpole and the Married Lady,1978,52,"Crime,Drama,Mystery",8.0,97,6,writer,written by,1,4,John Mortimer,1923,2009,"writer,actor,producer"
tt41779752,Rumpole and the Younger Generation,Rumpole and the Younger Generation,1978,53,"Crime,Drama,Mystery",7.7,141,6,writer,written by,1,1,John Mortimer,1923,2009,"writer,actor,producer"
tt43323276,Alms for Oblivion,Alms for Oblivion,1978,49,"Biography,Drama",7.9,12,6,writer,writer,1,2,John Mortimer,1923,2009,"writer,actor,producer"
tt47093406,Dead Shepherd,Dead Shepherd,1978,49,"Biography,Drama",8.2,12,6,writer,writer,1,1,John Mortimer,1923,2009,"writer,actor,producer"
tt70410467,Of Comfort and Despair,Of Comfort and Despair,1978,49,"Biography,Drama",8.6,9,6,writer,writer,1,3,John Mortimer,1923,2009,"writer,actor,producer"
tt49295843,Rebellions Masterpiece,Rebellions Masterpiece,1978,49,"Biography,Drama",8.9,9,6,writer,writer,1,5,John Mortimer,1923,2009,"writer,actor,producer"
tt33263851,The Living Record,The Living Record,1978,49,"Biography,Drama",9.0,9,6,writer,writer,1,6,John Mortimer,1923,2009,"writer,actor,producer"
tt49003712,The Loved Boy,The Loved Boy,1978,49,"Biography,Drama",8.8,10,6,writer,writer,1,4,John Mortimer,1923,2009,"writer,actor,producer"
tt36060078,Bet a MillionMr Irresistible,Bet a MillionMr Irresistible,1978,60,"Adventure,Family,Fantasy",6.8,98,10,writer,creator,1,4,Gene Levitt,1920,1999,"writer,producer,director"
tt63375465,The Big DipperThe Pirate,The Big DipperThe Pirate,1978,60,"Adventure,Family,Fantasy",6.5,81,6,writer,creator,2,2,Gene Levitt,1920,1999,"writer,producer,director"
tt66244969,Call Me LuckyTorch Song,Call Me LuckyTorch Song,1978,60,"Adventure,Family,Fantasy",6.6,83,6,writer,creator,1,16,Gene Levitt,1920,1999,"writer,producer,director"
tt22882758,CarnivalThe Vaudevillians,CarnivalThe Vaudevillians,1978,60,"Adventure,Family,Fantasy",7.0,71,6,writer,creator,2,11,Gene Levitt,1920,1999,"writer,producer,director"
tt98455803,Charlies CherubsStalag 3,Charlies CherubsStalag 3,1978,60,"Adventure,Family,Fantasy",6.5,75,7,writer,creator,2,12,Gene Levitt,1920,1999,"writer,producer,director"
tt97705444,EscapeCinderella Girls,EscapeCinderella Girls,1978,60,"Adventure,Family,Fantasy",6.7,123,8,writer,creator,1,3,Gene Levitt,1920,1999,"writer,producer,director"
tt57531264,Family ReunionVoodoo,Family ReunionVoodoo,1978,60,"Adventure,Family,Fantasy",6.4,110,8,writer,creator,1,6,Gene Levitt,1920,1999,"writer,producer,director"
tt97590875,Fool for a ClientDouble Your Pleasure,Fool for a ClientDouble Your Pleasure,1978,60,"Adventure,Family,Fantasy",6.5,72,8,writer,creator,1,15,Gene Levitt,1920,1999,"writer,producer,director"
tt29161167,I Want to Get MarriedThe Jewel Thief,I Want to Get MarriedThe Jewel Thief,1978,60,"Adventure,Family,Fantasy",6.3,72,7,writer,creator,2,5,Gene Levitt,1920,1999,"writer,producer,director"
tt50388248,King for a DayInstant Family,King for a DayInstant Family,1978,60,"Adventure,Family,Fantasy",7.3,88,8,writer,creator,1,14,Gene Levitt,1920,1999,"writer,producer,director"
tt66988158,Lady of the EveningThe Racer,Lady of the EveningThe Racer,1978,60,"Adventure,Family,Fantasy",6.7,99,7,writer,creator,1,7,Gene Levitt,1920,1999,"writer,producer,director"
tt63032731,Let the Good Times RollNightmareThe Tiger,Let the Good Times RollNightmareThe Tiger,1978,60,"Adventure,Family,Fantasy",6.8,71,8,writer,creator,2,7,Gene Levitt,1920,1999,"writer,producer,director"
tt11701653,ReturnThe Toughest Man Alive,ReturnThe Toughest Man Alive,1978,60,"Adventure,Family,Fantasy",7.1,70,7,writer,creator,2,8,Gene Levitt,1920,1999,"writer,producer,director"
tt12975163,ReunionAnniversary,ReunionAnniversary,1978,60,"Adventure,Family,Fantasy",6.9,114,8,writer,creator,1,13,Gene Levitt,1920,1999,"writer,producer,director"
tt84723995,SuperstarSalem,SuperstarSalem,1978,60,"Adventure,Family,Fantasy",7.1,93,8,writer,creator,1,10,Gene Levitt,1920,1999,"writer,producer,director"
tt30589062,The BeachcomberThe Last Whodunnit,The BeachcomberThe Last Whodunnit,1978,60,"Adventure,Family,Fantasy",7.1,78,6,writer,creator,2,3,Gene Levitt,1920,1999,"writer,producer,director"
tt57595887,Best SellerThe Tomb,Best SellerThe Tomb,1978,60,"Adventure,Family,Fantasy",6.9,78,6,writer,creator,2,4,Gene Levitt,1920,1999,"writer,producer,director"
tt32478602,The Funny GirlButch and Sundance,The Funny GirlButch and Sundance,1978,60,"Adventure,Family,Fantasy",6.9,103,7,writer,creator,1,9,Gene Levitt,1920,1999,"writer,producer,director"
tt44068977,The Flight of the Great Yellow BirdThe Island of Lost Women,The Flight of the Great Yellow BirdThe Island of Lost Women,1978,60,"Adventure,Family,Fantasy",7.1,73,7,writer,creator,2,10,Gene Levitt,1920,1999,"writer,producer,director"
tt53052553,The OvertheHill CaperPoof Youre a Movie Star,The OvertheHill CaperPoof Youre a Movie Star,1978,60,"Adventure,Family,Fantasy",6.6,86,6,writer,creator,1,12,Gene Levitt,1920,1999,"writer,producer,director"
tt80476989,The PrinceThe Sheriff,The PrinceThe Sheriff,1978,60,"Adventure,Family,Fantasy",6.8,114,6,writer,creator,1,5,Gene Levitt,1920,1999,"writer,producer,director"
tt21454138,HomecomingThe Sheikh,HomecomingThe Sheikh,1978,60,"Adventure,Family,Fantasy",6.4,81,8,writer,creator,2,1,Gene Levitt,1920,1999,"writer,producer,director"
tt66252149,War GamesQueen of the Boston Bruisers,War GamesQueen of the Boston Bruisers,1978,60,"Adventure,Family,Fantasy",6.8,80,6,writer,creator,2,6,Gene Levitt,1920,1999,"writer,producer,director"
tt94820606,Treasure HuntBeauty Contest,Treasure HuntBeauty Contest,1978,60,"Adventure,Family,Fantasy",6.8,103,9,writer,creator,1,8,Gene Levitt,1920,1999,"writer,producer,director"
tt26464520,Trouble My LovelyThe Common Man,Trouble My LovelyThe Common Man,1978,60,"Adventure,Family,Fantasy",6.7,94,8,writer,creator,1,11,Gene Levitt,1920,1999,"writer,producer,director"
tt28175356,The Foundlings,The Foundlings,1978,100,"Adventure,Comedy",6.3,192,7,writer,teleplay and story,1,0,Glen A. Larson,1937,2014,"writer,producer,music_department"
tt86711935,Fire in Space,Fire in Space,1978,47,"Action,Adventure,Sci-Fi",6.9,365,6,writer,created by,1,12,Glen A. Larson,1937,2014,"writer,producer,music_department"
tt94322812,Gun on Ice Planet Zero,Gun on Ice Planet Zero,1978,47,"Action,Adventure,Sci-Fi",7.1,418,6,writer,created by,1,6,Glen A. Larson,1937,2014,"writer,producer,music_department"
tt17174315,Gun on Ice Planet Zero Part II,Gun on Ice Planet Zero Part II,1978,47,"Action,Adventure,Sci-Fi",7.1,396,6,writer,created by,1,7,Glen A. Larson,1937,2014,"writer,producer,music_department"
tt17755064,Lost Planet of the Gods,Lost Planet of the Gods,1978,47,"Action,Adventure,Sci-Fi",7.4,450,6,writer,created by,1,2,Glen A. Larson,1937,2014,"writer,producer,music_department"
tt36404438,Lost Planet of the Gods Part 2,Lost Planet of the Gods Part 2,1978,47,"Action,Adventure,Sci-Fi",7.4,426,6,writer,created by,1,3,Glen A. Larson,1937,2014,"writer,producer,music_department"
tt57632208,Saga of a Star World,Saga of a Star World,1978,133,"Action,Adventure,Sci-Fi",7.5,637,7,writer,created by,1,1,Glen A. Larson,1937,2014,"writer,producer,music_department"
tt30017420,The Living Legend,The Living Legend,1978,47,"Action,Adventure,Sci-Fi",7.8,397,6,writer,created by,1,10,Glen A. Larson,1937,2014,"writer,producer,music_department"
tt60913101,The Living Legend Part II,The Living Legend Part II,1978,47,"Action,Adventure,Sci-Fi",7.8,392,6,writer,created by,1,11,Glen A. Larson,1937,2014,"writer,producer,music_department"
tt57976500,The Long Patrol,The Long Patrol,1978,47,"Action,Adventure,Sci-Fi",6.8,395,6,writer,created by,1,5,Glen A. Larson,1937,2014,"writer,producer,music_department"
tt62985139,The Lost Warrior,The Lost Warrior,1978,47,"Action,Adventure,Sci-Fi",6.7,435,6,writer,created by,1,4,Glen A. Larson,1937,2014,"writer,producer,music_department"
tt23977911,The Magnificent Warriors,The Magnificent Warriors,1978,47,"Action,Adventure,Sci-Fi",6.3,352,6,writer,created by,1,8,Glen A. Larson,1937,2014,"writer,producer,music_department"
tt54642749,The Young Lords,The Young Lords,1978,47,"Action,Adventure,Sci-Fi",6.4,369,6,writer,created by,1,9,Glen A. Larson,1937,2014,"writer,producer,music_department"
tt92429654,Defection to Paradise Part 1,Defection to Paradise Part 1,1978,60,"Crime,Family,Mystery",7.3,22,6,writer,written by,3,7,Glen A. Larson,1937,2014,"writer,producer,music_department"
tt52436581,Defection to Paradise Part 2,Defection to Paradise Part 2,1978,60,"Crime,Family,Mystery",7.2,20,6,writer,written by,3,8,Glen A. Larson,1937,2014,"writer,producer,music_department"
tt25358909,The Last Kiss of Summer Part 1,The Last Kiss of Summer Part 1,1978,60,"Crime,Family,Mystery",8.4,38,6,writer,teleplay,3,1,Glen A. Larson,1937,2014,"writer,producer,music_department"
tt31389178,The Last Kiss of Summer Part 2,The Last Kiss of Summer Part 2,1978,60,"Crime,Family,Mystery",8.1,31,6,writer,teleplay,3,2,Glen A. Larson,1937,2014,"writer,producer,music_department"
tt44989059,Arson and Old Lace,Arson and Old Lace,1978,60,"Crime,Family,Mystery",6.7,51,8,writer,developed for television by,2,21,Glen A. Larson,1937,2014,"writer,producer,music_department"
tt30755999,Campus Terror,Campus Terror,1978,60,"Crime,Family,Mystery",7.1,97,9,writer,developed for television by,2,22,Glen A. Larson,1937,2014,"writer,producer,music_department"
tt32661825,Sole Survivor,Sole Survivor,1978,60,"Crime,Family,Mystery",7.5,58,8,writer,developed for television by,2,16,Glen A. Larson,1937,2014,"writer,producer,music_department"
tt24589159,The House on Possessed Hill,The House on Possessed Hill,1978,60,"Crime,Family,Mystery",7.7,59,7,writer,developed for television by,2,15,Glen A. Larson,1937,2014,"writer,producer,music_department"
tt91743395,Voodoo Doll Part 1,Voodoo Doll Part 1,1978,60,"Crime,Family,Mystery",7.4,54,6,writer,developed for television by,2,17,Glen A. Larson,1937,2014,"writer,producer,music_department"
tt46386273,Voodoo Doll Part II,Voodoo Doll Part II,1978,60,"Crime,Family,Mystery",7.1,48,6,writer,developed for television by,2,18,Glen A. Larson,1937,2014,"writer,producer,music_department"
tt59700255,Money to Burn,Money to Burn,1979,50,"Action,Comedy",7.2,179,7,writer,written by,1,11,William Raynor,1920,1994,"writer,miscellaneous,script_department"
tt40481541,Road Pirates,Road Pirates,1979,50,"Action,Comedy",7.4,163,7,writer,written by,2,5,William Raynor,1920,1994,"writer,miscellaneous,script_department"
tt97228287,Dukes Meet Cale Yarborough,Dukes Meet Cale Yarborough,1979,50,"Action,Comedy",7.5,158,8,writer,teleplay,2,7,William Raynor,1920,1994,"writer,miscellaneous,script_department"
tt75044783,The Meeting,The Meeting,1979,50,"Action,Comedy",7.6,160,7,writer,teleplay,2,4,William Raynor,1920,1994,"writer,miscellaneous,script_department"
tt26166512,Witness for the Persecution,Witness for the Persecution,1979,49,"Action,Comedy",7.5,152,7,writer,teleplay,2,9,William Raynor,1920,1994,"writer,miscellaneous,script_department"
tt23511798,Money to Burn,Money to Burn,1979,50,"Action,Comedy",7.2,179,8,writer,written by,1,11,Myles Wilder,1933,2010,"writer,miscellaneous,producer"
tt67316208,Road Pirates,Road Pirates,1979,50,"Action,Comedy",7.4,163,8,writer,written by,2,5,Myles Wilder,1933,2010,"writer,miscellaneous,producer"
tt28962828,Dukes Meet Cale Yarborough,Dukes Meet Cale Yarborough,1979,50,"Action,Comedy",7.5,158,9,writer,teleplay,2,7,Myles Wilder,1933,2010,"writer,miscellaneous,producer"
tt91035475,The Meeting,The Meeting,1979,50,"Action,Comedy",7.6,160,8,writer,teleplay,2,4,Myles Wilder,1933,2010,"writer,miscellaneous,producer"
tt17548518,Witness for the Persecution,Witness for the Persecution,1979,49,"Action,Comedy",7.5,152,8,writer,teleplay,2,9,Myles Wilder,1933,2010,"writer,miscellaneous,producer"
tt42646545,Dont Be Silly,Dont Be Silly,1979,74,"Comedy,Drama",8.1,39,9,production_designer,designer,9,21,Spencer Chapman,1938,2022,"production_designer,art_department"
tt24376043,30 Liter Super,30 Liter Super,1979,86,"Crime,Drama,Mystery",6.4,37,6,writer,scenario,1,98,Bruno Hampel,1920,1996,"writer,actor"
tt77315346,Ein Parasit,Ein Parasit,1979,59,"Crime,Drama",8.2,28,6,writer,writer,3,9,Bruno Hampel,1920,1996,"writer,actor"
tt54403587,Pensionstod,Pensionstod,1979,58,"Crime,Drama",7.6,27,6,writer,writer,3,6,Bruno Hampel,1920,1996,"writer,actor"
tt44711386,Deadly Exposure,Deadly Exposure,1979,60,Drama,7.5,15,7,writer,developed for television by,1,3,Frank Glicksman,1921,1984,"writer,producer,miscellaneous"
tt45908544,Flashback,Flashback,1979,60,Drama,7.0,13,7,writer,developed for television by,1,2,Frank Glicksman,1921,1984,"writer,producer,miscellaneous"
tt76692230,Licensed to Kill,Licensed to Kill,1979,60,Drama,8.4,13,7,writer,developed for television by,1,9,Frank Glicksman,1921,1984,"writer,producer,miscellaneous"
tt75383125,Love Is a ThreeWay Street,Love Is a ThreeWay Street,1979,60,Drama,7.7,15,7,writer,developed for television by,1,4,Frank Glicksman,1921,1984,"writer,producer,miscellaneous"
tt25391454,One for My Baby,One for My Baby,1979,60,Drama,7.6,12,7,writer,developed for television by,1,7,Frank Glicksman,1921,1984,"writer,producer,miscellaneous"
tt22632007,Pilot,Pilot,1979,60,Drama,7.7,32,7,writer,developed for television by,1,1,Frank Glicksman,1921,1984,"writer,producer,miscellaneous"
tt55563386,Taxi in the Rain,Taxi in the Rain,1979,60,Drama,7.3,12,7,writer,developed for television by,1,8,Frank Glicksman,1921,1984,"writer,producer,miscellaneous"
tt91882804,The Shattered Image,The Shattered Image,1979,60,Drama,7.7,13,7,writer,developed for television by,1,5,Frank Glicksman,1921,1984,"writer,producer,miscellaneous"
tt10414155,The Surrogate,The Surrogate,1979,60,Drama,8.0,13,7,writer,developed for television by,1,10,Frank Glicksman,1921,1984,"writer,producer,miscellaneous"
tt19252944,What Are Friends For,What Are Friends For,1979,60,Drama,7.9,13,7,writer,developed for television by,1,6,Frank Glicksman,1921,1984,"writer,producer,miscellaneous"
tt93828943,Whose Little Hero Are You,Whose Little Hero Are You,1979,60,Drama,8.1,13,7,writer,developed for television by,1,11,Frank Glicksman,1921,1984,"writer,producer,miscellaneous"
tt24811237,Rumpole and the Age for Retirement,Rumpole and the Age for Retirement,1979,51,"Crime,Drama,Mystery",8.0,72,6,writer,written by,2,6,John Mortimer,1923,2009,"writer,actor,producer"
tt88325817,Rumpole and the Case of Identity,Rumpole and the Case of Identity,1979,53,"Crime,Drama,Mystery",8.1,87,6,writer,written by,2,2,John Mortimer,1923,2009,"writer,actor,producer"
tt89623289,Rumpole and the Course of True Love,Rumpole and the Course of True Love,1979,52,"Crime,Drama,Mystery",7.9,83,6,writer,written by,2,5,John Mortimer,1923,2009,"writer,actor,producer"
tt98115305,Rumpole and the Fascist Beast,Rumpole and the Fascist Beast,1979,51,"Crime,Drama,Mystery",7.6,81,6,writer,written by,2,4,John Mortimer,1923,2009,"writer,actor,producer"
tt78301936,Rumpole and the Man of God,Rumpole and the Man of God,1979,53,"Crime,Drama,Mystery",7.8,79,6,writer,written by,2,1,John Mortimer,1923,2009,"writer,actor,producer"
tt66263736,Rumpole and the Show Folk,Rumpole and the Show Folk,1979,52,"Crime,Drama,Mystery",8.0,91,6,writer,written by,2,3,John Mortimer,1923,2009,"writer,actor,producer"
tt46699125,Amusement ParkRock Stars,Amusement ParkRock Stars,1979,60,"Adventure,Family,Fantasy",6.9,61,7,writer,creator,2,25,Gene Levitt,1920,1999,"writer,producer,director"
tt59593782,BabyMarathon Battle of the Sexes,BabyMarathon Battle of the Sexes,1979,60,"Adventure,Family,Fantasy",6.7,56,8,writer,creator,3,4,Gene Levitt,1920,1999,"writer,producer,director"
tt52538226,Birthday PartyGhostbreaker,Birthday PartyGhostbreaker,1979,60,"Adventure,Family,Fantasy",7.1,71,8,writer,creator,2,20,Gene Levitt,1920,1999,"writer,producer,director"
tt19018565,BowlingCommand Performance,BowlingCommand Performance,1979,60,"Adventure,Family,Fantasy",7.3,63,8,writer,creator,2,24,Gene Levitt,1920,1999,"writer,producer,director"
tt29200711,Cornelius and AlphonseThe Choice,Cornelius and AlphonseThe Choice,1979,60,"Adventure,Family,Fantasy",6.8,65,8,writer,creator,2,23,Gene Levitt,1920,1999,"writer,producer,director"
tt19208353,CowboySubstitute Wife,CowboySubstitute Wife,1979,60,"Adventure,Family,Fantasy",7.1,64,8,writer,creator,2,15,Gene Levitt,1920,1999,"writer,producer,director"
tt15576517,Goose for the GanderStuntman,Goose for the GanderStuntman,1979,60,"Adventure,Family,Fantasy",7.0,56,6,writer,creator,3,2,Gene Levitt,1920,1999,"writer,producer,director"
tt90217097,Hit ManThe Swimmer,Hit ManThe Swimmer,1979,60,"Adventure,Family,Fantasy",7.2,62,6,writer,creator,3,1,Gene Levitt,1920,1999,"writer,producer,director"
tt53839009,The DancerNobodys There,The DancerNobodys There,1979,60,"Adventure,Family,Fantasy",7.2,64,6,writer,creator,3,9,Gene Levitt,1920,1999,"writer,producer,director"
tt52286675,Casting DirectorPentagramA Little Ball,Casting DirectorPentagramA Little Ball,1979,60,"Adventure,Family,Fantasy",7.0,70,8,writer,creator,2,18,Gene Levitt,1920,1999,"writer,producer,director"
tt66073387,PhotographsRoyal Flush,PhotographsRoyal Flush,1979,60,"Adventure,Family,Fantasy",7.1,64,7,writer,creator,2,16,Gene Levitt,1920,1999,"writer,producer,director"
tt49039087,SeanceThe Treasure,SeanceThe Treasure,1979,60,"Adventure,Family,Fantasy",6.7,70,6,writer,creator,2,14,Gene Levitt,1920,1999,"writer,producer,director"
tt80225304,Spending SpreeThe Hunted,Spending SpreeThe Hunted,1979,60,"Adventure,Family,Fantasy",6.6,70,7,writer,creator,2,19,Gene Levitt,1920,1999,"writer,producer,director"
tt24374423,The HandymanTattoos Romance,The HandymanTattoos Romance,1979,60,"Adventure,Family,Fantasy",7.3,58,7,writer,creator,3,8,Gene Levitt,1920,1999,"writer,producer,director"
tt19312767,Tattoo the Love GodMagnolia Blossoms,Tattoo the Love GodMagnolia Blossoms,1979,60,"Adventure,Family,Fantasy",6.7,63,7,writer,creator,3,3,Gene Levitt,1920,1999,"writer,producer,director"
tt25287271,The Chain GangThe Boss,The Chain GangThe Boss,1979,60,"Adventure,Family,Fantasy",7.0,61,6,writer,creator,3,5,Gene Levitt,1920,1999,"writer,producer,director"
tt47699646,The CheerleadersMarooned,The CheerleadersMarooned,1979,60,"Adventure,Family,Fantasy",7.2,55,7,writer,creator,3,12,Gene Levitt,1920,1999,"writer,producer,director"
tt18251107,The ComicThe Golden Hour,The ComicThe Golden Hour,1979,60,"Adventure,Family,Fantasy",7.0,58,8,writer,creator,2,22,Gene Levitt,1920,1999,"writer,producer,director"
tt50545663,The InventorOn the Other Side,The InventorOn the Other Side,1979,60,"Adventure,Family,Fantasy",6.8,61,6,writer,creator,3,13,Gene Levitt,1920,1999,"writer,producer,director"
tt28390140,LookalikesThe Winemaker,LookalikesThe Winemaker,1979,60,"Adventure,Family,Fantasy",6.8,54,7,writer,creator,3,14,Gene Levitt,1920,1999,"writer,producer,director"
tt46193649,Class of 69The Pug,Class of 69The Pug,1979,60,"Adventure,Family,Fantasy",6.8,65,7,writer,creator,3,10,Gene Levitt,1920,1999,"writer,producer,director"
tt58289459,The Red BaronYoung at Heart,The Red BaronYoung at Heart,1979,60,"Adventure,Family,Fantasy",6.8,57,9,writer,creator,3,6,Gene Levitt,1920,1999,"writer,producer,director"
tt18827049,The StripperThe Boxer,The StripperThe Boxer,1979,60,"Adventure,Family,Fantasy",6.4,68,8,writer,creator,2,17,Gene Levitt,1920,1999,"writer,producer,director"
tt34564833,The MermaidThe Victim,The MermaidThe Victim,1979,60,"Adventure,Family,Fantasy",7.4,85,7,writer,creator,3,11,Gene Levitt,1920,1999,"writer,producer,director"
tt63898752,The Wedding,The Wedding,1979,60,"Adventure,Family,Fantasy",7.9,70,7,writer,creator,3,7,Gene Levitt,1920,1999,"writer,producer,director"
tt26214119,Yesterdays LoveFountain of Youth,Yesterdays LoveFountain of Youth,1979,60,"Adventure,Family,Fantasy",6.6,59,8,writer,creator,2,21,Gene Levitt,1920,1999,"writer,producer,director"
tt68088830,A Coffin with a View,A Coffin with a View,1979,60,"Adventure,Comedy",8.2,23,6,writer,created by,1,3,Glen A. Larson,1937,2014,"writer,producer,music_department"
tt30608353,BJs Sweethearts,BJs Sweethearts,1979,60,"Adventure,Comedy",7.8,12,6,writer,created by,2,10,Glen A. Larson,1937,2014,"writer,producer,music_department"
tt75159701,Cains Cruiser,Cains Cruiser,1979,60,"Adventure,Comedy",7.4,12,6,writer,created by,2,3,Glen A. Larson,1937,2014,"writer,producer,music_department"
tt44161393,Cains SoninLaw,Cains SoninLaw,1979,60,"Adventure,Comedy",7.2,12,6,writer,created by,2,5,Glen A. Larson,1937,2014,"writer,producer,music_department"
tt61781167,Deadly Cargo,Deadly Cargo,1979,60,"Adventure,Comedy",7.2,16,6,writer,created by,1,4,Glen A. Larson,1937,2014,"writer,producer,music_department"
tt87153878,Fly a Wild Horse,Fly a Wild Horse,1979,60,"Adventure,Comedy",7.8,8,6,writer,created by,2,11,Glen A. Larson,1937,2014,"writer,producer,music_department"
tt85058989,Gasohol,Gasohol,1979,60,"Adventure,Comedy",8.7,11,7,writer,created by,2,9,Glen A. Larson,1937,2014,"writer,producer,music_department"
tt34165639,Mary Ellen,Mary Ellen,1979,60,"Adventure,Comedy",7.3,12,6,writer,created by,2,8,Glen A. Larson,1937,2014,"writer,producer,music_department"
tt80870477,Never Give a Trucker an Even Break,Never Give a Trucker an Even Break,1979,60,"Adventure,Comedy",7.1,16,6,writer,created by,1,5,Glen A. Larson,1937,2014,"writer,producer,music_department"
tt45718733,Pogo Lil,Pogo Lil,1979,60,"Adventure,Comedy",7.8,11,6,writer,created by,2,4,Glen A. Larson,1937,2014,"writer,producer,music_department"
tt83787483,Shine On,Shine On,1979,60,"Adventure,Comedy",7.5,13,6,writer,created by,1,2,Glen A. Larson,1937,2014,"writer,producer,music_department"
tt36397941,Silent Night Unholy Night,Silent Night Unholy Night,1979,60,"Adventure,Comedy",6.4,11,6,writer,created by,2,12,Glen A. Larson,1937,2014,"writer,producer,music_department"
tt78441798,Snow White and the Seven Lady Truckers Part 1,Snow White and the Seven Lady Truckers Part 1,1979,60,"Adventure,Comedy",7.6,18,6,writer,created by,2,1,Glen A. Larson,1937,2014,"writer,producer,music_department"
tt56494012,The Eyes of Texas,The Eyes of Texas,1979,60,"Adventure,Comedy",6.9,10,6,writer,created by,2,7,Glen A. Larson,1937,2014,"writer,producer,music_department"
tt40015359,The Murphy Contingent,The Murphy Contingent,1979,60,"Adventure,Comedy",7.2,10,6,writer,created by,1,7,Glen A. Larson,1937,2014,"writer,producer,music_department"
tt50960799,Wheels of Fortune,Wheels of Fortune,1979,60,"Adventure,Comedy",6.8,14,6,writer,created by,1,8,Glen A. Larson,1937,2014,"writer,producer,music_department"
tt95177355,Baltars Escape,Baltars Escape,1979,47,"Action,Adventure,Sci-Fi",7.4,356,6,writer,created by,1,18,Glen A. Larson,1937,2014,"writer,producer,music_department"
tt65015696,Experiment in Terra,Experiment in Terra,1979,47,"Action,Adventure,Sci-Fi",6.8,363,6,writer,created by,1,19,Glen A. Larson,1937,2014,"writer,producer,music_department"
tt61084953,Greetings from Earth,Greetings from Earth,1979,93,"Action,Adventure,Sci-Fi",6.9,387,6,writer,created by,1,17,Glen A. Larson,1937,2014,"writer,producer,music_department"
tt47803214,Murder on the Rising Star,Murder on the Rising Star,1979,47,"Action,Adventure,Sci-Fi",7.0,347,6,writer,created by,1,16,Glen A. Larson,1937,2014,"writer,producer,music_department"
tt34145649,Take the Celestra,Take the Celestra,1979,47,"Action,Adventure,Sci-Fi",6.7,328,6,writer,created by,1,20,Glen A. Larson,1937,2014,"writer,producer,music_department"
tt26594023,The Hand of God,The Hand of God,1979,47,"Action,Adventure,Sci-Fi",7.7,368,6,writer,created by,1,21,Glen A. Larson,1937,2014,"writer,producer,music_department"
tt27703099,The Man with Nine Lives,The Man with Nine Lives,1979,47,"Action,Adventure,Sci-Fi",7.1,357,6,writer,created by,1,15,Glen A. Larson,1937,2014,"writer,producer,music_department"
tt22570417,War of the Gods,War of the Gods,1979,47,"Action,Adventure,Sci-Fi",7.6,380,6,writer,created by,1,13,Glen A. Larson,1937,2014,"writer,producer,music_department"
tt61269818,War of the Gods Part II,War of the Gods Part II,1979,47,"Action,Adventure,Sci-Fi",7.5,368,6,writer,created by,1,14,Glen A. Larson,1937,2014,"writer,producer,music_department"
tt95528482,Awakening,Awakening,1979,120,"Action,Adventure,Sci-Fi",7.3,379,6,writer,written by,1,1,Glen A. Larson,1937,2014,"writer,producer,music_department"
tt36959648,Cosmic Whiz Kid,Cosmic Whiz Kid,1979,60,"Action,Adventure,Sci-Fi",6.5,244,6,writer,developed for television by,1,9,Glen A. Larson,1937,2014,"writer,producer,music_department"
tt61597506,Cruise Ship to the Stars,Cruise Ship to the Stars,1979,60,"Action,Adventure,Sci-Fi",6.9,249,6,writer,developed for television by,1,11,Glen A. Larson,1937,2014,"writer,producer,music_department"
tt26012241,Escape from Wedded Bliss,Escape from Wedded Bliss,1979,60,"Action,Adventure,Sci-Fi",6.5,205,6,writer,developed for television by,1,10,Glen A. Larson,1937,2014,"writer,producer,music_department"
tt45739051,Baa Baa White Sheep,Baa Baa White Sheep,1980,50,"Action,Comedy",7.7,155,7,writer,written by,3,7,William Raynor,1920,1994,"writer,miscellaneous,script_department"
tt25731807,Carnival of Thrills,Carnival of Thrills,1980,120,"Action,Comedy",7.8,180,7,writer,written by,3,1,William Raynor,1920,1994,"writer,miscellaneous,script_department"
tt61487547,Follow That Still,Follow That Still,1980,50,"Action,Comedy",7.4,155,7,writer,written by,2,15,William Raynor,1920,1994,"writer,miscellaneous,script_department"
tt90399330,RIP Henry Flatt,RIP Henry Flatt,1980,50,"Action,Comedy",7.2,150,6,writer,written by,2,22,William Raynor,1920,1994,"writer,miscellaneous,script_department"
tt19920396,Treasure of Hazzard,Treasure of Hazzard,1980,49,"Action,Comedy",7.3,161,7,writer,written by,2,16,William Raynor,1920,1994,"writer,miscellaneous,script_department"
tt66633019,And in This Corner Luke Duke,And in This Corner Luke Duke,1980,49,"Action,Comedy",7.7,155,9,producer,producer,3,4,Myles Wilder,1933,2010,"writer,miscellaneous,producer"
tt17542182,Baa Baa White Sheep,Baa Baa White Sheep,1980,50,"Action,Comedy",7.7,155,8,writer,written by,3,7,Myles Wilder,1933,2010,"writer,miscellaneous,producer"
tt19407543,Carnival of Thrills,Carnival of Thrills,1980,120,"Action,Comedy",7.8,180,8,writer,written by,3,1,Myles Wilder,1933,2010,"writer,miscellaneous,producer"
tt76745516,Follow That Still,Follow That Still,1980,50,"Action,Comedy",7.4,155,8,writer,written by,2,15,Myles Wilder,1933,2010,"writer,miscellaneous,producer"
tt38870967,RIP Henry Flatt,RIP Henry Flatt,1980,50,"Action,Comedy",7.2,150,7,writer,written by,2,22,Myles Wilder,1933,2010,"writer,miscellaneous,producer"
tt94190425,Treasure of Hazzard,Treasure of Hazzard,1980,49,"Action,Comedy",7.3,161,8,writer,written by,2,16,Myles Wilder,1933,2010,"writer,miscellaneous,producer"
tt35669424,Bruderliebe,Bruderliebe,1980,59,"Crime,Drama",7.9,25,6,writer,writer,4,8,Bruno Hampel,1920,1996,"writer,actor"
tt16349864,Mord nach Plan,Mord nach Plan,1980,59,"Crime,Drama",7.5,26,6,writer,writer,4,6,Bruno Hampel,1920,1996,"writer,actor"
tt20356312,Rude Awakening,Rude Awakening,1980,52,"Drama,Fantasy,Horror",6.8,629,6,writer,screenplay,1,3,Gerald Savory,1909,1996,"writer,producer,script_department"
tt55700061,Child Hunt,Child Hunt,1980,49,Drama,7.8,11,8,producer,producer,1,1,Gerald Savory,1909,1996,"writer,producer,script_department"
tt92715675,Coming Out,Coming Out,1980,51,Drama,8.2,10,8,producer,producer,1,2,Gerald Savory,1909,1996,"writer,producer,script_department"
tt70720503,Foreigners Are Fiends,Foreigners Are Fiends,1980,51,Drama,8.8,10,8,producer,producer,1,6,Gerald Savory,1909,1996,"writer,producer,script_department"
tt45127676,Heir Apparent,Heir Apparent,1980,51,Drama,8.2,10,8,producer,producer,1,5,Gerald Savory,1909,1996,"writer,producer,script_department"
tt13579074,In Love and War,In Love and War,1980,51,Drama,9.1,9,8,producer,producer,1,8,Gerald Savory,1909,1996,"writer,producer,script_department"
tt78298287,Monsieur Le Duc,Monsieur Le Duc,1980,53,Drama,9.3,9,8,producer,producer,1,7,Gerald Savory,1909,1996,"writer,producer,script_department"
tt98723653,Rings and Things,Rings and Things,1980,51,Drama,8.2,10,8,producer,producer,1,3,Gerald Savory,1909,1996,"writer,producer,script_department"
tt10718409,The Merry Widower,The Merry Widower,1980,52,Drama,8.2,10,8,producer,producer,1,4,Gerald Savory,1909,1996,"writer,producer,script_department"
tt29187627,Boom,Boom,1980,60,Drama,8.1,12,7,writer,developed for television by,1,12,Frank Glicksman,1921,1984,"writer,producer,miscellaneous"
tt56743241,Call Me Irresponsible,Call Me Irresponsible,1980,60,Drama,8.0,9,7,writer,developed for television by,2,4,Frank Glicksman,1921,1984,"writer,producer,miscellaneous"
tt59949293,Girl Under Glass Part 1,Girl Under Glass Part 1,1980,60,Drama,8.5,13,7,writer,developed for television by,2,1,Frank Glicksman,1921,1984,"writer,producer,miscellaneous"
tt68796296,Girl Under Glass Part 2,Girl Under Glass Part 2,1980,60,Drama,8.2,11,7,writer,developed for television by,2,2,Frank Glicksman,1921,1984,"writer,producer,miscellaneous"
tt18273125,Have You Hugged Your Nurse Today,Have You Hugged Your Nurse Today,1980,60,Drama,7.7,10,7,writer,developed for television by,1,13,Frank Glicksman,1921,1984,"writer,producer,miscellaneous"
tt32508155,Hot Line,Hot Line,1980,60,Drama,7.4,16,7,writer,developed for television by,1,22,Frank Glicksman,1921,1984,"writer,producer,miscellaneous"
tt80841105,If You Cant Stand the Heat,If You Cant Stand the Heat,1980,60,Drama,7.7,11,7,writer,developed for television by,1,17,Frank Glicksman,1921,1984,"writer,producer,miscellaneous"
tt77112892,Its a Wise Surgeon,Its a Wise Surgeon,1980,60,Drama,8.1,11,7,writer,developed for television by,1,19,Frank Glicksman,1921,1984,"writer,producer,miscellaneous"
tt96027992,Missionarys Downfall,Missionarys Downfall,1980,60,Drama,7.7,11,7,writer,developed for television by,1,14,Frank Glicksman,1921,1984,"writer,producer,miscellaneous"
tt66316449,Quarantine,Quarantine,1980,60,Drama,8.5,10,7,writer,developed for television by,1,21,Frank Glicksman,1921,1984,"writer,producer,miscellaneous"
tt94157773,Short Odds,Short Odds,1980,60,Drama,8.2,12,7,writer,creator,1,20,Frank Glicksman,1921,1984,"writer,producer,miscellaneous"
tt41527716,Slim Chance,Slim Chance,1980,60,Drama,8.1,11,7,writer,developed for television by,2,3,Frank Glicksman,1921,1984,"writer,producer,miscellaneous"
tt28836055,Strike,Strike,1980,60,Drama,8.0,11,7,writer,developed for television by,1,18,Frank Glicksman,1921,1984,"writer,producer,miscellaneous"
tt31678902,Til Life Do Us Part,Til Life Do Us Part,1980,60,Drama,8.6,15,7,writer,developed for television by,1,16,Frank Glicksman,1921,1984,"writer,producer,miscellaneous"
tt16698015,Warning I May Be Hazardous to Your Health,Warning I May Be Hazardous to Your Health,1980,60,Drama,6.1,12,7,writer,developed for television by,1,15,Frank Glicksman,1921,1984,"writer,producer,miscellaneous"
tt63839106,AphroditeDr Jekyll and Miss Hyde,AphroditeDr Jekyll and Miss Hyde,1980,60,"Adventure,Family,Fantasy",7.3,59,6,writer,creator,3,18,Gene Levitt,1920,1999,"writer,producer,director"
tt66334170,CrescendoThree Feathers,CrescendoThree Feathers,1980,60,"Adventure,Family,Fantasy",7.4,57,7,writer,creator,4,8,Gene Levitt,1920,1999,"writer,producer,director"
tt95466088,EaglemanChildren of Mentu,EaglemanChildren of Mentu,1980,60,"Adventure,Family,Fantasy",6.7,55,8,writer,creator,3,23,Gene Levitt,1920,1999,"writer,producer,director"
tt42025061,Flying AcesThe Mermaid Returns,Flying AcesThe Mermaid Returns,1980,60,"Adventure,Family,Fantasy",7.7,58,8,writer,creator,4,2,Gene Levitt,1920,1999,"writer,producer,director"
tt95247099,Jungle ManMary Ann and Miss Sophisticate,Jungle ManMary Ann and Miss Sophisticate,1980,60,"Adventure,Family,Fantasy",7.3,59,6,writer,creator,3,21,Gene Levitt,1920,1999,"writer,producer,director"
tt26377170,My Fair PharaohThe Power,My Fair PharaohThe Power,1980,60,"Adventure,Family,Fantasy",6.9,66,9,writer,creator,3,22,Gene Levitt,1920,1999,"writer,producer,director"
tt83456981,NonaOne Million BC,NonaOne Million BC,1980,60,"Adventure,Family,Fantasy",6.8,65,6,writer,creator,3,20,Gene Levitt,1920,1999,"writer,producer,director"
tt56976669,PlayGirlSmiths Valhalla,PlayGirlSmiths Valhalla,1980,60,"Adventure,Family,Fantasy",7.2,61,8,writer,creator,3,17,Gene Levitt,1920,1999,"writer,producer,director"
tt32482435,Rogues and RichesStark Terror,Rogues and RichesStark Terror,1980,60,"Adventure,Family,Fantasy",6.6,63,8,writer,creator,3,16,Gene Levitt,1920,1999,"writer,producer,director"
tt23764705,The Skaters EdgeConcerto of DeathThe Last Great Race,The Skaters EdgeConcerto of DeathThe Last Great Race,1980,60,"Adventure,Family,Fantasy",7.3,52,8,writer,creator,4,3,Gene Levitt,1920,1999,"writer,producer,director"
tt19264819,The Devil and Mandy BreemInstant Millionaire,The Devil and Mandy BreemInstant Millionaire,1980,60,"Adventure,Family,Fantasy",7.7,66,7,writer,creator,4,1,Gene Levitt,1920,1999,"writer,producer,director"
tt44857458,Don QuixoteThe Sex Symbol,Don QuixoteThe Sex Symbol,1980,60,"Adventure,Family,Fantasy",6.2,50,8,writer,creator,4,4,Gene Levitt,1920,1999,"writer,producer,director"
tt83886078,The Invisible WomanThe Snowbird,The Invisible WomanThe Snowbird,1980,60,"Adventure,Family,Fantasy",6.3,52,8,writer,creator,4,7,Gene Levitt,1920,1999,"writer,producer,director"
tt63214807,The Love DoctorThe Pleasure PalacePossessed,The Love DoctorThe Pleasure PalacePossessed,1980,60,"Adventure,Family,Fantasy",7.6,57,8,writer,creator,4,5,Gene Levitt,1920,1999,"writer,producer,director"
tt75734462,The SwingerTerrors of the Mind,The SwingerTerrors of the Mind,1980,60,"Adventure,Family,Fantasy",7.2,60,6,writer,creator,3,19,Gene Levitt,1920,1999,"writer,producer,director"
tt28535996,Unholy WedlockElizabeth,Unholy WedlockElizabeth,1980,60,"Adventure,Family,Fantasy",6.9,59,7,writer,creator,3,15,Gene Levitt,1920,1999,"writer,producer,director"
tt14903020,With Affection Jack the RipperGigolo,With Affection Jack the RipperGigolo,1980,60,"Adventure,Family,Fantasy",7.4,60,8,writer,creator,4,6,Gene Levitt,1920,1999,"writer,producer,director"
tt99868220,Dont Eat the Snow in Hawaii,Dont Eat the Snow in Hawaii,1980,46,"Action,Adventure,Crime",7.8,1239,7,writer,created by,1,1,Glen A. Larson,1937,2014,"writer,producer,music_department"
tt78352257,BJ and the Witch,BJ and the Witch,1980,60,"Adventure,Comedy",8.4,12,6,writer,created by,2,17,Glen A. Larson,1937,2014,"writer,producer,music_department"
tt55793418,Bear Bondage,Bear Bondage,1980,60,"Adventure,Comedy",7.9,9,9,writer,created by,2,16,Glen A. Larson,1937,2014,"writer,producer,music_department"
tt33403880,Fire in the Hole,Fire in the Hole,1980,60,"Adventure,Comedy",7.5,8,6,writer,created by,2,13,Glen A. Larson,1937,2014,"writer,producer,music_department"
tt89824561,Orlys Hot Skates,Orlys Hot Skates,1980,60,Comedy,7.7,9,9,writer,created by,1,22,Glen A. Larson,1937,2014,"writer,producer,music_department"
tt54145849,Siege,Siege,1980,60,"Adventure,Comedy",7.9,10,6,writer,created by,2,14,Glen A. Larson,1937,2014,"writer,producer,music_department"
tt89897571,The Friendly Double Cross,The Friendly Double Cross,1980,60,"Adventure,Comedy",7.8,7,6,writer,created by,2,21,Glen A. Larson,1937,2014,"writer,producer,music_department"
tt59706820,The Girls of Hollywood High,The Girls of Hollywood High,1980,60,"Adventure,Comedy",7.4,10,6,writer,created by,2,19,Glen A. Larson,1937,2014,"writer,producer,music_department"
tt14074640,The Good the Bad and the Beautiful,The Good the Bad and the Beautiful,1980,60,"Adventure,Comedy",7.6,9,6,writer,created by,2,18,Glen A. Larson,1937,2014,"writer,producer,music_department"
tt17653568,Through the Past Darkly,Through the Past Darkly,1980,60,"Adventure,Comedy",6.8,7,6,writer,created by,2,15,Glen A. Larson,1937,2014,"writer,producer,music_department"
tt62370105,A Blast for Buck,A Blast for Buck,1980,60,"Action,Adventure,Sci-Fi",5.0,205,6,writer,developed for television by,1,14,Glen A. Larson,1937,2014,"writer,producer,music_department"
tt19032171,A Dream of Jennifer,A Dream of Jennifer,1980,60,"Action,Adventure,Sci-Fi",6.7,201,6,writer,developed for television by,1,18,Glen A. Larson,1937,2014,"writer,producer,music_department"
tt74635878,Ardala Returns,Ardala Returns,1980,60,"Action,Adventure,Sci-Fi",6.9,199,6,writer,developed for television by,1,15,Glen A. Larson,1937,2014,"writer,producer,music_department"
tt40293052,Bucks Duel to the Death,Bucks Duel to the Death,1980,60,"Action,Adventure,Sci-Fi",6.6,185,6,writer,developed for television by,1,20,Glen A. Larson,1937,2014,"writer,producer,music_department"
tt42326332,Flight of the War Witch,Flight of the War Witch,1980,60,"Action,Adventure,Sci-Fi",6.8,215,6,writer,developed for television by,1,21,Glen A. Larson,1937,2014,"writer,producer,music_department"
tt87447591,Happy Birthday Buck,Happy Birthday Buck,1980,60,"Action,Adventure,Sci-Fi",6.4,211,6,writer,developed for television by,1,13,Glen A. Larson,1937,2014,"writer,producer,music_department"
tt22479860,Olympiad,Olympiad,1980,60,"Action,Adventure,Sci-Fi",6.3,193,6,writer,developed for television by,1,17,Glen A. Larson,1937,2014,"writer,producer,music_department"
tt39816446,Space Rockers,Space Rockers,1980,60,"Action,Adventure,Sci-Fi",6.4,193,6,writer,developed for television by,1,19,Glen A. Larson,1937,2014,"writer,producer,music_department"
tt74814631,Space Vampire,Space Vampire,1980,60,"Action,Adventure,Sci-Fi",7.1,280,6,writer,developed for television by,1,12,Glen A. Larson,1937,2014,"writer,producer,music_department"
tt18088866,Twiki Is Missing,Twiki Is Missing,1980,60,"Action,Adventure,Sci-Fi",6.5,189,6,writer,developed for television by,1,16,Glen A. Larson,1937,2014,"writer,producer,music_department"
tt12568892,Galactica Discovers Earth Part 1,Galactica Discovers Earth Part 1,1980,49,"Adventure,Sci-Fi",6.1,208,6,writer,created by,1,1,Glen A. Larson,1937,2014,"writer,producer,music_department"
tt18895650,Galactica Discovers Earth Part 2,Galactica Discovers Earth Part 2,1980,49,"Adventure,Sci-Fi",5.7,182,6,writer,created by,1,2,Glen A. Larson,1937,2014,"writer,producer,music_department"
tt99485110,Galactica Discovers Earth Part 3,Galactica Discovers Earth Part 3,1980,49,"Adventure,Sci-Fi",5.5,184,6,writer,created by,1,3,Glen A. Larson,1937,2014,"writer,producer,music_department"
tt72963562,Space Croppers,Space Croppers,1980,48,"Adventure,Sci-Fi",5.1,165,6,writer,created by,1,9,Glen A. Larson,1937,2014,"writer,producer,music_department"
tt83784005,Spaceball,Spaceball,1980,49,"Adventure,Sci-Fi",4.6,173,6,writer,created by,1,6,Glen A. Larson,1937,2014,"writer,producer,music_department"
tt79897469,The Night the Cylons Landed,The Night the Cylons Landed,1980,48,"Adventure,Sci-Fi",5.8,176,6,writer,created by,1,7,Glen A. Larson,1937,2014,"writer,producer,music_department"
tt47130177,The Night the Cylons Landed Part II,The Night the Cylons Landed Part II,1980,48,"Adventure,Sci-Fi",5.8,169,6,writer,created by,1,8,Glen A. Larson,1937,2014,"writer,producer,music_department"
tt14948673,The Return of Starbuck,The Return of Starbuck,1980,49,"Adventure,Sci-Fi",7.9,340,6,writer,created by,1,10,Glen A. Larson,1937,2014,"writer,producer,music_department"
tt97189991,The Super Scouts,The Super Scouts,1980,49,"Adventure,Sci-Fi",5.0,175,6,writer,created by,1,4,Glen A. Larson,1937,2014,"writer,producer,music_department"
tt34582515,The Super Scouts Part II,The Super Scouts Part II,1980,49,"Adventure,Sci-Fi",4.9,160,6,writer,created by,1,5,Glen A. Larson,1937,2014,"writer,producer,music_department"
tt44394916,China Doll,China Doll,1980,50,"Action,Adventure,Crime",7.5,550,6,writer,created by,1,3,Glen A. Larson,1937,2014,"writer,producer,music_department"
tt95173499,Thank Heaven for Little Girls and Big Ones Too,Thank Heaven for Little Girls and Big Ones Too,1980,50,"Action,Adventure,Crime",7.1,515,7,writer,created by,1,4,Glen A. Larson,1937,2014,"writer,producer,music_department"
tt51327994,10 Million Dollar Sheriff Part 1,10 Million Dollar Sheriff Part 1,1981,51,"Action,Comedy",7.7,151,7,writer,written by,4,8,William Raynor,1920,1994,"writer,miscellaneous,script_department"
tt41677476,Goodbye General Lee,Goodbye General Lee,1981,49,"Action,Comedy",7.6,138,6,writer,written by,4,11,William Raynor,1920,1994,"writer,miscellaneous,script_department"
tt87627907,Hughie Hogg Strikes Again,Hughie Hogg Strikes Again,1981,49,"Action,Comedy",7.4,133,7,writer,written by,4,13,William Raynor,1920,1994,"writer,miscellaneous,script_department"
tt11898284,The Great Hazzard Hijack,The Great Hazzard Hijack,1981,50,"Action,Comedy",7.4,149,7,writer,writer,3,20,William Raynor,1920,1994,"writer,miscellaneous,script_department"
tt42088236,10 Million Dollar Sheriff Part 2,10 Million Dollar Sheriff Part 2,1981,48,"Action,Comedy",7.8,144,7,writer,writer,4,9,William Raynor,1920,1994,"writer,miscellaneous,script_department"
tt38270235,10 Million Dollar Sheriff Part 1,10 Million Dollar Sheriff Part 1,1981,51,"Action,Comedy",7.7,151,8,writer,written by,4,8,Myles Wilder,1933,2010,"writer,miscellaneous,producer"
tt48874838,Cletus Falls in Love,Cletus Falls in Love,1981,48,"Action,Comedy",7.1,135,9,producer,producer,4,12,Myles Wilder,1933,2010,"writer,miscellaneous,producer"
tt61092419,Goodbye General Lee,Goodbye General Lee,1981,49,"Action,Comedy",7.6,138,7,writer,written by,4,11,Myles Wilder,1933,2010,"writer,miscellaneous,producer"
tt51731653,Hughie Hogg Strikes Again,Hughie Hogg Strikes Again,1981,49,"Action,Comedy",7.4,133,8,writer,written by,4,13,Myles Wilder,1933,2010,"writer,miscellaneous,producer"
tt69274743,My Son Bo Hogg,My Son Bo Hogg,1981,49,"Action,Comedy",7.3,153,9,producer,producer,3,14,Myles Wilder,1933,2010,"writer,miscellaneous,producer"
tt51373228,Sadie Hogg Day,Sadie Hogg Day,1981,49,"Action,Comedy",7.3,137,9,producer,producer,4,7,Myles Wilder,1933,2010,"writer,miscellaneous,producer"
tt59547000,The Great Hazzard Hijack,The Great Hazzard Hijack,1981,50,"Action,Comedy",7.4,149,8,writer,writer,3,20,Myles Wilder,1933,2010,"writer,miscellaneous,producer"
tt10199656,Trouble at Cooters,Trouble at Cooters,1981,49,"Action,Comedy",7.6,138,9,producer,producer,4,10,Myles Wilder,1933,2010,"writer,miscellaneous,producer"
tt97428645,10 Million Dollar Sheriff Part 2,10 Million Dollar Sheriff Part 2,1981,48,"Action,Comedy",7.8,144,8,writer,writer,4,9,Myles Wilder,1933,2010,"writer,miscellaneous,producer"
tt76978846,A Time of Peril,A Time of Peril,1981,60,"Crime,Drama",7.8,6,10,producer,producer,1,3,Robert H. Justman,1926,2008,"producer,assistant_director,visual_effects"
tt42700918,Pilot,Pilot,1981,60,"Crime,Drama",7.4,11,9,producer,producer,1,1,Robert H. Justman,1926,2008,"producer,assistant_director,visual_effects"
tt76491034,Requiem for a Narc,Requiem for a Narc,1981,60,"Crime,Drama",7.7,7,9,producer,producer,1,2,Robert H. Justman,1926,2008,"producer,assistant_director,visual_effects"
tt89388920,A Family Affair,A Family Affair,1981,60,Drama,8.2,9,7,writer,developed for television by,2,11,Frank Glicksman,1921,1984,"writer,producer,miscellaneous"
tt45057990,Brain Child,Brain Child,1981,60,Drama,8.5,22,7,writer,developed for television by,2,18,Frank Glicksman,1921,1984,"writer,producer,miscellaneous"
tt97821354,COD,COD,1981,60,Drama,7.2,12,7,writer,developed for television by,3,2,Frank Glicksman,1921,1984,"writer,producer,miscellaneous"
tt54461514,Cooperative Care,Cooperative Care,1981,60,Drama,7.9,11,7,writer,developed for television by,3,6,Frank Glicksman,1921,1984,"writer,producer,miscellaneous"
tt23636019,Creepy Time Gal,Creepy Time Gal,1981,60,Drama,7.2,11,7,writer,developed for television by,2,5,Frank Glicksman,1921,1984,"writer,producer,miscellaneous"
tt38440898,Earthquake,Earthquake,1981,60,Drama,7.3,11,7,writer,developed for television by,2,7,Frank Glicksman,1921,1984,"writer,producer,miscellaneous"
tt49040943,Finders Keepers,Finders Keepers,1981,60,Drama,8.2,9,7,writer,developed for television by,2,12,Frank Glicksman,1921,1984,"writer,producer,miscellaneous"
tt82784027,Future Imperfect,Future Imperfect,1981,60,Drama,8.2,10,7,writer,developed for television by,3,10,Frank Glicksman,1921,1984,"writer,producer,miscellaneous"
tt61347281,Give Till It Hurts,Give Till It Hurts,1981,60,Drama,8.2,10,7,writer,developed for television by,3,3,Frank Glicksman,1921,1984,"writer,producer,miscellaneous"
tt79271234,Hate Is Enough,Hate Is Enough,1981,60,Drama,6.5,14,7,writer,developed for television by,3,4,Frank Glicksman,1921,1984,"writer,producer,miscellaneous"
tt87475542,Have I Got a Girl for You,Have I Got a Girl for You,1981,60,Drama,8.0,10,7,writer,developed for television by,2,9,Frank Glicksman,1921,1984,"writer,producer,miscellaneous"
tt73567223,Is There a Doctor in the Big House,Is There a Doctor in the Big House,1981,60,Drama,7.8,10,7,writer,developed for television by,3,7,Frank Glicksman,1921,1984,"writer,producer,miscellaneous"
tt85849422,King of the Road,King of the Road,1981,60,Drama,8.0,9,7,writer,developed for television by,2,16,Frank Glicksman,1921,1984,"writer,producer,miscellaneous"
tt51223518,Mother Dearest,Mother Dearest,1981,60,Drama,7.9,11,7,writer,developed for television by,3,8,Frank Glicksman,1921,1984,"writer,producer,miscellaneous"
tt89063217,Second Sight,Second Sight,1981,60,Drama,8.4,11,7,writer,developed for television by,2,15,Frank Glicksman,1921,1984,"writer,producer,miscellaneous"
tt68563695,Straight and Narrow,Straight and Narrow,1981,60,Drama,8.4,11,7,writer,developed for television by,2,6,Frank Glicksman,1921,1984,"writer,producer,miscellaneous"
tt80895714,That Old Gang of Mine,That Old Gang of Mine,1981,60,Drama,7.8,10,7,writer,developed for television by,3,1,Frank Glicksman,1921,1984,"writer,producer,miscellaneous"
tt26188722,The Albatross,The Albatross,1981,60,Drama,8.4,11,7,writer,developed for television by,2,17,Frank Glicksman,1921,1984,"writer,producer,miscellaneous"
tt76849360,Days of Wine and Leo,Days of Wine and Leo,1981,60,Drama,8.0,11,7,writer,developed for television by,2,13,Frank Glicksman,1921,1984,"writer,producer,miscellaneous"
tt27042917,The Ego Experience,The Ego Experience,1981,60,Drama,7.7,10,7,writer,developed for television by,3,5,Frank Glicksman,1921,1984,"writer,producer,miscellaneous"
tt25433759,The Pagoda Cure,The Pagoda Cure,1981,60,Drama,8.2,10,7,writer,developed for television by,2,8,Frank Glicksman,1921,1984,"writer,producer,miscellaneous"
tt19612956,Tis the Season,Tis the Season,1981,60,Drama,7.2,12,7,writer,developed for television by,3,9,Frank Glicksman,1921,1984,"writer,producer,miscellaneous"
tt75177684,Whos the Lucky Father,Whos the Lucky Father,1981,60,Drama,7.0,10,7,writer,developed for television by,2,10,Frank Glicksman,1921,1984,"writer,producer,miscellaneous"
tt14101298,Et in Arcadia Ego,Et in Arcadia Ego,1981,101,"Drama,Romance",8.3,224,8,writer,adaptation,1,1,John Mortimer,1923,2009,"writer,actor,producer"
tt16504924,Home and Abroad,Home and Abroad,1981,52,"Drama,Romance",8.3,173,7,writer,adaptation,1,2,John Mortimer,1923,2009,"writer,actor,producer"
tt17712737,Brideshead Revisited,Brideshead Revisited,1981,90,"Drama,Romance",8.5,165,7,writer,adaptation,1,11,John Mortimer,1923,2009,"writer,actor,producer"
tt10792991,The Bleak Light of Day,The Bleak Light of Day,1981,52,"Drama,Romance",8.3,160,8,writer,adaptation,1,3,John Mortimer,1923,2009,"writer,actor,producer"
tt13941889,A Blow Upon a Bruise,A Blow Upon a Bruise,1981,52,"Drama,Romance",8.4,148,7,writer,adaptation,1,5,John Mortimer,1923,2009,"writer,actor,producer"
tt82594104,A Twitch Upon the Thread,A Twitch Upon the Thread,1981,52,"Drama,Romance",8.1,141,7,writer,adaptation,1,10,John Mortimer,1923,2009,"writer,actor,producer"
tt33620867,Brideshead Deserted,Brideshead Deserted,1981,52,"Drama,Romance",8.0,147,8,writer,adaptation,1,8,John Mortimer,1923,2009,"writer,actor,producer"
tt33113960,Julia,Julia,1981,52,"Drama,Romance",8.1,147,7,writer,adaptation,1,6,John Mortimer,1923,2009,"writer,actor,producer"
tt42629021,Orphans of the Storm,Orphans of the Storm,1981,52,"Drama,Romance",8.1,144,8,writer,adaptation,1,9,John Mortimer,1923,2009,"writer,actor,producer"
tt42777776,Sebastian Against the World,Sebastian Against the World,1981,52,"Drama,Romance",8.4,149,7,writer,adaptation,1,4,John Mortimer,1923,2009,"writer,actor,producer"
tt89558088,The Unseen Hook,The Unseen Hook,1981,52,"Drama,Romance",8.3,152,8,writer,adaptation,1,7,John Mortimer,1923,2009,"writer,actor,producer"
tt47683385,Also RansPortrait of Solange,Also RansPortrait of Solange,1981,60,"Adventure,Family,Fantasy",6.5,46,8,writer,creator,4,17,Gene Levitt,1920,1999,"writer,producer,director"
tt99144439,Basin StreetThe Devils Triangle,Basin StreetThe Devils Triangle,1981,60,"Adventure,Family,Fantasy",7.3,54,6,writer,creator,4,21,Gene Levitt,1920,1999,"writer,producer,director"
tt25775638,Chorus GirlSurrogate Father,Chorus GirlSurrogate Father,1981,60,"Adventure,Family,Fantasy",7.2,52,7,writer,creator,4,16,Gene Levitt,1920,1999,"writer,producer,director"
tt77445142,CyranoThe Magician,CyranoThe Magician,1981,60,"Adventure,Family,Fantasy",6.9,53,7,writer,creator,5,3,Gene Levitt,1920,1999,"writer,producer,director"
tt73230507,DelphineThe Unkillable,DelphineThe Unkillable,1981,60,"Adventure,Family,Fantasy",7.1,55,7,writer,creator,4,20,Gene Levitt,1920,1999,"writer,producer,director"
tt65384297,The Devil and Mr RoarkeZiegfeld GirlsKid Corey Rides Again,The Devil and Mr RoarkeZiegfeld GirlsKid Corey Rides Again,1981,90,"Adventure,Family,Fantasy",7.4,54,8,writer,creator,5,2,Gene Levitt,1920,1999,"writer,producer,director"
tt55122120,The Artist and the LadyElizabeths Baby,The Artist and the LadyElizabeths Baby,1981,60,"Adventure,Family,Fantasy",6.9,59,8,writer,creator,4,11,Gene Levitt,1920,1999,"writer,producer,director"
tt45463157,Hard KnocksLady Godiva,Hard KnocksLady Godiva,1981,60,"Adventure,Family,Fantasy",7.3,47,8,writer,creator,4,22,Gene Levitt,1920,1999,"writer,producer,director"
tt81645800,High Off the HogReprisal,High Off the HogReprisal,1981,60,"Adventure,Family,Fantasy",7.3,53,7,writer,creator,4,10,Gene Levitt,1920,1999,"writer,producer,director"
tt38242503,Lillian RussellThe Lagoon,Lillian RussellThe Lagoon,1981,60,"Adventure,Family,Fantasy",7.2,47,7,writer,creator,5,8,Gene Levitt,1920,1999,"writer,producer,director"
tt86555206,Loving StrangersSomething Borrowed Something Blue,Loving StrangersSomething Borrowed Something Blue,1981,60,"Adventure,Family,Fantasy",6.9,49,8,writer,creator,4,15,Gene Levitt,1920,1999,"writer,producer,director"
tt40690479,ManBeastOle Island Opry,ManBeastOle Island Opry,1981,60,"Adventure,Family,Fantasy",6.2,54,7,writer,creator,4,23,Gene Levitt,1920,1999,"writer,producer,director"
tt89285287,Mr NobodyLa Liberatora,Mr NobodyLa Liberatora,1981,60,"Adventure,Family,Fantasy",6.6,49,7,writer,creator,5,5,Gene Levitt,1920,1999,"writer,producer,director"
tt23605899,My Late LoverSanctuary,My Late LoverSanctuary,1981,60,"Adventure,Family,Fantasy",7.2,54,7,writer,creator,4,9,Gene Levitt,1920,1999,"writer,producer,director"
tt97537538,DruidsA Night in a Harem,DruidsA Night in a Harem,1981,60,"Adventure,Family,Fantasy",6.7,50,8,writer,creator,5,6,Gene Levitt,1920,1999,"writer,producer,director"
tt44678237,Paquitos BirthdayTechnical Advisor,Paquitos BirthdayTechnical Advisor,1981,60,"Adventure,Family,Fantasy",6.5,51,8,writer,creator,4,24,Gene Levitt,1920,1999,"writer,producer,director"
tt87288467,The Perfect HusbandVolcano,The Perfect HusbandVolcano,1981,60,"Adventure,Family,Fantasy",7.2,53,7,writer,creator,5,7,Gene Levitt,1920,1999,"writer,producer,director"
tt29218090,Romance Times ThreeNight of the Tormented Soul,Romance Times ThreeNight of the Tormented Soul,1981,60,"Adventure,Family,Fantasy",7.1,49,9,writer,creator,5,9,Gene Levitt,1920,1999,"writer,producer,director"
tt96587746,Show Me a HeroSlam Dunk,Show Me a HeroSlam Dunk,1981,60,"Adventure,Family,Fantasy",6.8,55,8,writer,creator,5,1,Gene Levitt,1920,1999,"writer,producer,director"
tt74500923,The ChateauWhite Lightning,The ChateauWhite Lightning,1981,60,"Adventure,Family,Fantasy",6.0,56,8,writer,creator,4,14,Gene Levitt,1920,1999,"writer,producer,director"
tt44918167,The HeroineThe Warrior,The HeroineThe Warrior,1981,60,"Adventure,Family,Fantasy",6.9,52,7,writer,creator,4,12,Gene Levitt,1920,1999,"writer,producer,director"
tt36184789,The Last CowboyThe Lady and the Monster,The Last CowboyThe Lady and the Monster,1981,60,"Adventure,Family,Fantasy",7.3,51,8,writer,creator,5,4,Gene Levitt,1920,1999,"writer,producer,director"
tt69330469,The Man from YesterdayWorlds Most Desirable Woman,The Man from YesterdayWorlds Most Desirable Woman,1981,60,"Adventure,Family,Fantasy",7.0,51,7,writer,creator,4,13,Gene Levitt,1920,1999,"writer,producer,director"
tt35937362,The Proxy BillionaireThe Experiment,The Proxy BillionaireThe Experiment,1981,60,"Adventure,Family,Fantasy",7.1,54,6,writer,creator,4,19,Gene Levitt,1920,1999,"writer,producer,director"
tt69052112,The SearcherThe Way We Werent,The SearcherThe Way We Werent,1981,60,"Adventure,Family,Fantasy",7.5,52,8,writer,creator,4,18,Gene Levitt,1920,1999,"writer,producer,director"
tt13368602,Shgoratchx,Shgoratchx,1981,60,"Action,Adventure,Sci-Fi",5.6,186,6,writer,developed for television by,2,8,Glen A. Larson,1937,2014,"writer,producer,music_department"
tt11798556,BJ And the Seven Lady Truckers Part 1,BJ And the Seven Lady Truckers Part 1,1981,60,"Adventure,Comedy",8.4,11,6,writer,created by,3,1,Glen A. Larson,1937,2014,"writer,producer,music_department"
tt87876505,Beauties and the Beasts,Beauties and the Beasts,1981,60,"Adventure,Comedy",7.5,8,6,writer,created by,3,7,Glen A. Larson,1937,2014,"writer,producer,music_department"
tt49904876,Detective Finger I Presume,Detective Finger I Presume,1981,60,"Adventure,Comedy",8.2,11,7,writer,created by,3,14,Glen A. Larson,1937,2014,"writer,producer,music_department"
tt56047765,Down  Dirty,Down  Dirty,1981,60,"Adventure,Comedy",8.4,9,6,writer,created by,3,6,Glen A. Larson,1937,2014,"writer,producer,music_department"
tt44887855,STUNT,STUNT,1981,60,"Adventure,Comedy",8.2,8,6,writer,created by,3,12,Glen A. Larson,1937,2014,"writer,producer,music_department"
tt34628497,Seven Lady Captives,Seven Lady Captives,1981,60,"Adventure,Comedy",7.8,8,7,writer,created by,3,11,Glen A. Larson,1937,2014,"writer,producer,music_department"
tt27480785,BJ and the Seven Lady Truckers Part 2,BJ and the Seven Lady Truckers Part 2,1981,60,"Adventure,Comedy",8.0,15,6,writer,created by,3,2,Glen A. Larson,1937,2014,"writer,producer,music_department"
tt48583669,The Fast and the Furious Part 1,The Fast and the Furious Part 1,1981,60,"Adventure,Comedy",6.6,12,6,writer,created by,3,3,Glen A. Larson,1937,2014,"writer,producer,music_department"
tt63033710,The Fast and the Furious Part 2,The Fast and the Furious Part 2,1981,60,"Adventure,Comedy",7.9,9,6,writer,created by,3,4,Glen A. Larson,1937,2014,"writer,producer,music_department"
tt47323464,The Two Million Dollar Hustle,The Two Million Dollar Hustle,1981,60,"Adventure,Comedy",6.2,11,6,writer,created by,3,15,Glen A. Larson,1937,2014,"writer,producer,music_department"
tt87619432,Who Is BJ,Who Is BJ,1981,60,"Adventure,Comedy",7.6,7,7,writer,created by,3,13,Glen A. Larson,1937,2014,"writer,producer,music_department"
tt96296322,Journey to Oasis,Journey to Oasis,1981,60,"Action,Adventure,Sci-Fi",6.4,197,6,writer,developed for television by,2,2,Glen A. Larson,1937,2014,"writer,producer,music_department"
tt82669439,Mark of the Saurian,Mark of the Saurian,1981,60,"Action,Adventure,Sci-Fi",6.7,159,6,writer,developed for television by,2,4,Glen A. Larson,1937,2014,"writer,producer,music_department"
tt19884229,Testimony of a Traitor,Testimony of a Traitor,1981,60,"Action,Adventure,Sci-Fi",7.1,177,6,writer,developed for television by,2,10,Glen A. Larson,1937,2014,"writer,producer,music_department"
tt11652297,The Crystals,The Crystals,1981,60,"Action,Adventure,Sci-Fi",6.3,170,6,writer,developed for television by,2,6,Glen A. Larson,1937,2014,"writer,producer,music_department"
tt18539611,The Dorian Secret,The Dorian Secret,1981,60,"Action,Adventure,Sci-Fi",7.0,164,7,writer,developed for television by,2,11,Glen A. Larson,1937,2014,"writer,producer,music_department"
tt56383067,The Golden Man,The Golden Man,1981,60,"Action,Adventure,Sci-Fi",6.0,172,6,writer,developed for television by,2,5,Glen A. Larson,1937,2014,"writer,producer,music_department"
tt21112605,The Guardians,The Guardians,1981,60,"Action,Adventure,Sci-Fi",6.5,175,6,writer,developed for television by,2,3,Glen A. Larson,1937,2014,"writer,producer,music_department"
tt94888227,The Hand of the Goral,The Hand of the Goral,1981,60,"Action,Adventure,Sci-Fi",6.6,158,6,writer,developed for television by,2,9,Glen A. Larson,1937,2014,"writer,producer,music_department"
tt84607446,The Satyr,The Satyr,1981,60,"Action,Adventure,Sci-Fi",6.4,170,6,writer,developed for television by,2,7,Glen A. Larson,1937,2014,"writer,producer,music_department"
tt40753077,Time of the Hawk,Time of the Hawk,1981,60,"Action,Adventure,Sci-Fi",6.7,212,6,writer,developed for television by,2,1,Glen A. Larson,1937,2014,"writer,producer,music_department"
tt29908665,Colts Angels,Colts Angels,1981,50,"Action,Adventure,Comedy",7.2,110,6,writer,created by,1,5,Glen A. Larson,1937,2014,"writer,producer,music_department"
tt83584153,Thats Right Were Bad,Thats Right Were Bad,1981,50,"Action,Adventure,Comedy",7.3,102,6,writer,created by,1,4,Glen A. Larson,1937,2014,"writer,producer,music_department"
tt10862794,The Fall Guy,The Fall Guy,1981,95,"Action,Adventure,Comedy",7.4,166,6,writer,written by,1,1,Glen A. Larson,1937,2014,"writer,producer,music_department"
tt22425748,The Human Torch,The Human Torch,1981,60,"Action,Adventure,Comedy",7.2,95,6,writer,created by,1,6,Glen A. Larson,1937,2014,"writer,producer,music_department"
tt33128807,Japanese Connection,Japanese Connection,1981,48,"Action,Adventure,Comedy",6.6,94,6,writer,created by,1,7,Glen A. Larson,1937,2014,"writer,producer,music_department"
tt94075396,The Meek Shall Inherit Rhonda,The Meek Shall Inherit Rhonda,1981,60,"Action,Adventure,Comedy",7.2,120,6,writer,created by,1,2,Glen A. Larson,1937,2014,"writer,producer,music_department"
tt33377855,The Rich Get Richer,The Rich Get Richer,1981,60,"Action,Adventure,Comedy",7.3,113,6,writer,created by,1,3,Glen A. Larson,1937,2014,"writer,producer,music_department"
tt39256231,Adelaide,Adelaide,1981,50,"Action,Adventure,Crime",7.1,393,7,writer,created by,1,14,Glen A. Larson,1937,2014,"writer,producer,music_department"
tt96319284,All Roads Lead to Floyd,All Roads Lead to Floyd,1981,60,"Action,Adventure,Crime",7.4,382,7,writer,created by,1,13,Glen A. Larson,1937,2014,"writer,producer,music_department"
tt42615840,Beauty Knows No Pain,Beauty Knows No Pain,1981,49,"Action,Adventure,Crime",7.6,366,7,writer,created by,1,18,Glen A. Larson,1937,2014,"writer,producer,music_department"
tt93551493,Billy Joe Bob,Billy Joe Bob,1981,49,"Action,Adventure,Crime",7.2,380,7,writer,created by,2,1,Glen A. Larson,1937,2014,"writer,producer,music_department"
tt67108484,Dead Mans Channel,Dead Mans Channel,1981,49,"Action,Adventure,Crime",7.6,375,7,writer,created by,2,2,Glen A. Larson,1937,2014,"writer,producer,music_department"
tt90181584,Dont Say Goodbye,Dont Say Goodbye,1981,49,"Action,Adventure,Crime",7.5,410,7,writer,created by,1,15,Glen A. Larson,1937,2014,"writer,producer,music_department"
tt55211050,From Moscow to Maui,From Moscow to Maui,1981,48,"Action,Adventure,Crime",7.2,352,7,writer,created by,2,4,Glen A. Larson,1937,2014,"writer,producer,music_department"
tt25521122,Ghost Writer,Ghost Writer,1981,49,"Action,Adventure,Crime",7.2,350,7,writer,created by,2,11,Glen A. Larson,1937,2014,"writer,producer,music_department"
tt37324948,J Digger Doyle,J Digger Doyle,1981,50,"Action,Adventure,Crime",8.3,429,7,writer,created by,1,17,Glen A. Larson,1937,2014,"writer,producer,music_department"
tt25266425,Lest We Forget,Lest We Forget,1981,50,"Action,Adventure,Crime",8.2,460,7,writer,created by,1,10,Glen A. Larson,1937,2014,"writer,producer,music_department"
tt34542475,Mad Buck Gibson,Mad Buck Gibson,1981,49,"Action,Adventure,Crime",7.4,345,8,writer,created by,2,8,Glen A. Larson,1937,2014,"writer,producer,music_department"
tt72044459,Memories Are Forever,Memories Are Forever,1981,92,"Action,Adventure,Crime",8.3,457,7,writer,created by,2,5,Glen A. Larson,1937,2014,"writer,producer,music_department"
tt54957678,Missing in Action,Missing in Action,1981,50,"Action,Adventure,Crime",7.2,416,7,writer,created by,1,9,Glen A. Larson,1937,2014,"writer,producer,music_department"
tt11014175,Never Again Never Again,Never Again Never Again,1981,50,"Action,Adventure,Crime",7.5,443,7,writer,created by,1,7,Glen A. Larson,1937,2014,"writer,producer,music_department"
tt40530938,No Need to Know,No Need to Know,1981,48,"Action,Adventure,Crime",7.6,466,7,writer,created by,1,5,Glen A. Larson,1937,2014,"writer,producer,music_department"
tt22204001,Skin Deep,Skin Deep,1981,50,"Action,Adventure,Crime",7.4,467,7,writer,created by,1,6,Glen A. Larson,1937,2014,"writer,producer,music_department"
tt25134515,The Black Orchid,The Black Orchid,1981,50,"Action,Adventure,Crime",7.2,391,7,writer,created by,1,16,Glen A. Larson,1937,2014,"writer,producer,music_department"
tt15564942,The Curse of the King Kamehameha Club,The Curse of the King Kamehameha Club,1981,50,"Action,Adventure,Crime",7.5,388,7,writer,created by,1,11,Glen A. Larson,1937,2014,"writer,producer,music_department"
tt41383240,The Sixth Position,The Sixth Position,1981,48,"Action,Adventure,Crime",7.1,344,7,writer,created by,2,10,Glen A. Larson,1937,2014,"writer,producer,music_department"
tt11181729,The Taking of Dick McWilliams,The Taking of Dick McWilliams,1981,49,"Action,Adventure,Crime",7.1,323,8,writer,created by,2,9,Glen A. Larson,1937,2014,"writer,producer,music_department"
tt68890473,The Ugliest Dog in Hawaii,The Ugliest Dog in Hawaii,1981,50,"Action,Adventure,Crime",6.6,474,7,writer,created by,1,8,Glen A. Larson,1937,2014,"writer,producer,music_department"
tt11119783,The Woman on the Beach,The Woman on the Beach,1981,49,"Action,Adventure,Crime",7.5,392,6,writer,created by,2,3,Glen A. Larson,1937,2014,"writer,producer,music_department"
tt87730301,Thicker Than Blood,Thicker Than Blood,1981,50,"Action,Adventure,Crime",7.6,391,7,writer,created by,1,12,Glen A. Larson,1937,2014,"writer,producer,music_department"
tt63457564,A Little Game of Pool,A Little Game of Pool,1982,49,"Action,Comedy",6.9,127,7,writer,writer,5,11,William Raynor,1920,1994,"writer,miscellaneous,script_department"
tt58063961,Bad Day in Hazzard,Bad Day in Hazzard,1982,49,"Action,Comedy",8.1,161,7,writer,written by,4,23,William Raynor,1920,1994,"writer,miscellaneous,script_department"
tt43855923,Birds Gotta Fly,Birds Gotta Fly,1982,49,"Action,Comedy",7.1,138,7,writer,written by,4,22,William Raynor,1920,1994,"writer,miscellaneous,script_department"
tt44151915,Lawman of the Year,Lawman of the Year,1982,49,"Action,Comedy",6.8,129,6,writer,written by,5,3,William Raynor,1920,1994,"writer,miscellaneous,script_department"
tt72507444,Miss TriCounties,Miss TriCounties,1982,49,"Action,Comedy",7.6,139,7,writer,written by,4,24,William Raynor,1920,1994,"writer,miscellaneous,script_department"
tt63451594,The Great Insurance Fraud,The Great Insurance Fraud,1982,48,"Action,Comedy",7.3,131,6,writer,written by,5,10,William Raynor,1920,1994,"writer,miscellaneous,script_department"
tt71009535,The New Dukes,The New Dukes,1982,49,"Action,Comedy",6.4,145,7,writer,written by,5,1,William Raynor,1920,1994,"writer,miscellaneous,script_department"
tt56719433,The Treasure of Soggy Marsh,The Treasure of Soggy Marsh,1982,48,"Action,Comedy",7.0,131,7,writer,writer,5,12,William Raynor,1920,1994,"writer,miscellaneous,script_department"
tt81604072,A Little Game of Pool,A Little Game of Pool,1982,49,"Action,Comedy",6.9,127,8,writer,writer,5,11,Myles Wilder,1933,2010,"writer,miscellaneous,producer"
tt80162392,Bad Day in Hazzard,Bad Day in Hazzard,1982,49,"Action,Comedy",8.1,161,8,writer,written by,4,23,Myles Wilder,1933,2010,"writer,miscellaneous,producer"
tt45687557,Birds Gotta Fly,Birds Gotta Fly,1982,49,"Action,Comedy",7.1,138,8,writer,written by,4,22,Myles Wilder,1933,2010,"writer,miscellaneous,producer"
tt56183393,Coy meets Girl,Coy meets Girl,1982,48,"Action,Comedy",6.6,130,9,producer,producer,5,4,Myles Wilder,1933,2010,"writer,miscellaneous,producer"
tt91404502,Dear Diary,Dear Diary,1982,48,"Action,Comedy",7.8,139,9,producer,producer,4,20,Myles Wilder,1933,2010,"writer,miscellaneous,producer"
tt25116856,Dukes Strike It Rich,Dukes Strike It Rich,1982,49,"Action,Comedy",6.9,130,9,producer,producer,5,2,Myles Wilder,1933,2010,"writer,miscellaneous,producer"
tt60017298,Dukes in Danger,Dukes in Danger,1982,49,"Action,Comedy",7.3,126,9,producer,producer,4,27,Myles Wilder,1933,2010,"writer,miscellaneous,producer"
tt28963865,Dukescam Scam,Dukescam Scam,1982,50,"Action,Comedy",7.6,137,8,producer,producer,4,14,Myles Wilder,1933,2010,"writer,miscellaneous,producer"
tt83484755,Enos in Trouble,Enos in Trouble,1982,49,"Action,Comedy",6.9,127,9,producer,producer,5,9,Myles Wilder,1933,2010,"writer,miscellaneous,producer"
tt89527581,Hazzard Hustle,Hazzard Hustle,1982,49,"Action,Comedy",6.9,129,9,producer,producer,5,8,Myles Wilder,1933,2010,"writer,miscellaneous,producer"
tt54471061,Lawman of the Year,Lawman of the Year,1982,49,"Action,Comedy",6.8,129,7,writer,written by,5,3,Myles Wilder,1933,2010,"writer,miscellaneous,producer"
tt27679927,Miss TriCounties,Miss TriCounties,1982,49,"Action,Comedy",7.6,139,8,writer,written by,4,24,Myles Wilder,1933,2010,"writer,miscellaneous,producer"
tt49386339,Miz Tisdale on the Lam,Miz Tisdale on the Lam,1982,49,"Action,Comedy",7.7,137,9,producer,producer,4,18,Myles Wilder,1933,2010,"writer,miscellaneous,producer"
tt85237296,New Deputy in Town,New Deputy in Town,1982,49,"Action,Comedy",7.5,140,8,producer,producer,4,21,Myles Wilder,1933,2010,"writer,miscellaneous,producer"
tt78325760,Nothin But the Truth,Nothin But the Truth,1982,48,"Action,Comedy",7.6,135,9,producer,producer,4,19,Myles Wilder,1933,2010,"writer,miscellaneous,producer"
tt73440083,Pin the Tail on the Dukes,Pin the Tail on the Dukes,1982,49,"Action,Comedy",7.2,133,9,producer,producer,4,17,Myles Wilder,1933,2010,"writer,miscellaneous,producer"
tt34856122,Shine on Hazzard Moon,Shine on Hazzard Moon,1982,49,"Action,Comedy",7.6,131,9,producer,producer,4,16,Myles Wilder,1933,2010,"writer,miscellaneous,producer"
tt43088213,The Great Insurance Fraud,The Great Insurance Fraud,1982,48,"Action,Comedy",7.3,131,7,writer,written by,5,10,Myles Wilder,1933,2010,"writer,miscellaneous,producer"
tt34964093,The Hazzardgate Tape,The Hazzardgate Tape,1982,49,"Action,Comedy",6.7,123,9,producer,producer,5,5,Myles Wilder,1933,2010,"writer,miscellaneous,producer"
tt94912906,The New Dukes,The New Dukes,1982,49,"Action,Comedy",6.4,145,8,writer,written by,5,1,Myles Wilder,1933,2010,"writer,miscellaneous,producer"
tt36961218,The Revenge of Hughie Hogg,The Revenge of Hughie Hogg,1982,48,"Action,Comedy",6.9,127,9,producer,producer,5,13,Myles Wilder,1933,2010,"writer,miscellaneous,producer"
tt67524745,The Sound of Music  Hazzard Style,The Sound of Music  Hazzard Style,1982,49,"Action,Comedy",7.3,134,9,producer,producer,4,15,Myles Wilder,1933,2010,"writer,miscellaneous,producer"
tt77144720,The Treasure of Soggy Marsh,The Treasure of Soggy Marsh,1982,48,"Action,Comedy",7.0,131,8,writer,writer,5,12,Myles Wilder,1933,2010,"writer,miscellaneous,producer"
tt59918400,Vances Lady,Vances Lady,1982,49,"Action,Comedy",6.8,125,10,producer,producer,5,7,Myles Wilder,1933,2010,"writer,miscellaneous,producer"
tt28567692,Share and Share Alike,Share and Share Alike,1982,49,"Action,Comedy",7.3,128,8,producer,producer,4,25,Myles Wilder,1933,2010,"writer,miscellaneous,producer"
tt42725331,The Law and Jesse Duke,The Law and Jesse Duke,1982,49,"Action,Comedy",7.8,137,9,producer,producer,4,26,Myles Wilder,1933,2010,"writer,miscellaneous,producer"
tt32150292,Tod eines Aussteigers,Tod eines Aussteigers,1982,58,"Crime,Drama",7.1,20,6,writer,writer,6,1,Bruno Hampel,1920,1996,"writer,actor"
tt30161764,The Sign of the Beast Part 1,The Sign of the Beast Part 1,1982,60,"Crime,Drama",9.8,6,9,producer,producer,1,8,Robert H. Justman,1926,2008,"producer,assistant_director,visual_effects"
tt84466474,What PATRIC Doesnt Know,What PATRIC Doesnt Know,1982,60,"Crime,Drama",7.8,7,9,producer,producer,1,10,Robert H. Justman,1926,2008,"producer,assistant_director,visual_effects"
tt94465707,The Manhood of Edward Robinson,The Manhood of Edward Robinson,1982,52,"Crime,Drama,Mystery",7.3,98,7,writer,writer,1,10,Gerald Savory,1909,1996,"writer,producer,script_department"
tt26811563,Jane in Search of a Job,Jane in Search of a Job,1982,51,"Crime,Drama,Mystery",7.3,117,7,writer,adaptation,1,9,Gerald Savory,1909,1996,"writer,producer,script_department"
tt74167929,42,42,1982,60,Drama,7.9,13,7,writer,developed for television by,3,11,Frank Glicksman,1921,1984,"writer,producer,miscellaneous"
tt83156285,A Piece of the Action,A Piece of the Action,1982,60,Drama,8.5,12,7,writer,developed for television by,3,22,Frank Glicksman,1921,1984,"writer,producer,miscellaneous"
tt50279060,Angel of Mercy,Angel of Mercy,1982,60,Drama,8.0,11,7,writer,developed for television by,3,13,Frank Glicksman,1921,1984,"writer,producer,miscellaneous"
tt26833470,Candy Doctor,Candy Doctor,1982,60,Drama,8.0,9,7,writer,developed for television by,3,20,Frank Glicksman,1921,1984,"writer,producer,miscellaneous"
tt41894232,Cause for Concern,Cause for Concern,1982,60,Drama,7.9,11,7,writer,developed for television by,3,23,Frank Glicksman,1921,1984,"writer,producer,miscellaneous"
tt14735383,Danny,Danny,1982,60,Drama,8.3,11,7,writer,developed for television by,3,14,Frank Glicksman,1921,1984,"writer,producer,miscellaneous"
tt79884877,Doctors and Other Strangers,Doctors and Other Strangers,1982,60,Drama,8.0,12,7,writer,developed for television by,3,21,Frank Glicksman,1921,1984,"writer,producer,miscellaneous"
tt63609192,Dont Rain on My Charade,Dont Rain on My Charade,1982,60,Drama,8.1,11,7,writer,developed for television by,4,1,Frank Glicksman,1921,1984,"writer,producer,miscellaneous"
tt24846916,Johns Other Life,Johns Other Life,1982,60,Drama,8.2,10,7,writer,developed for television by,3,24,Frank Glicksman,1921,1984,"writer,producer,miscellaneous"
tt42778809,Ladies in Waiting,Ladies in Waiting,1982,60,Drama,8.0,11,7,writer,developed for television by,3,15,Frank Glicksman,1921,1984,"writer,producer,miscellaneous"
tt89672166,Love and Marriage,Love and Marriage,1982,60,Drama,8.0,11,7,writer,developed for television by,3,19,Frank Glicksman,1921,1984,"writer,producer,miscellaneous"
tt60456385,Maybe Baby,Maybe Baby,1982,60,Drama,8.3,11,7,writer,developed for television by,3,18,Frank Glicksman,1921,1984,"writer,producer,miscellaneous"
tt81349918,Medicine Man,Medicine Man,1982,60,Drama,8.2,12,7,writer,developed for television by,3,17,Frank Glicksman,1921,1984,"writer,producer,miscellaneous"
tt51150455,Russians and Ruses,Russians and Ruses,1982,60,Drama,7.8,11,7,writer,developed for television by,4,11,Frank Glicksman,1921,1984,"writer,producer,miscellaneous"
tt86669420,The Good Life,The Good Life,1982,60,Drama,7.0,11,7,writer,developed for television by,4,9,Frank Glicksman,1921,1984,"writer,producer,miscellaneous"
tt92812592,The Object of My Affliction,The Object of My Affliction,1982,60,Drama,8.0,10,7,writer,developed for television by,4,5,Frank Glicksman,1921,1984,"writer,producer,miscellaneous"
tt39275633,The One and Only,The One and Only,1982,60,Drama,7.6,12,7,writer,developed for television by,3,25,Frank Glicksman,1921,1984,"writer,producer,miscellaneous"
tt46071345,The Peter Pan Syndrome,The Peter Pan Syndrome,1982,60,Drama,7.7,11,7,writer,creator,3,16,Frank Glicksman,1921,1984,"writer,producer,miscellaneous"
tt24259720,The Ransom,The Ransom,1982,60,Drama,7.5,13,7,writer,developed for television by,4,7,Frank Glicksman,1921,1984,"writer,producer,miscellaneous"
tt38179003,Three on a Mismatch,Three on a Mismatch,1982,60,Drama,7.0,10,7,writer,developed for television by,4,4,Frank Glicksman,1921,1984,"writer,producer,miscellaneous"
tt14195624,Truth and Consequences Part 1,Truth and Consequences Part 1,1982,60,Drama,7.8,9,7,writer,developed for television by,4,2,Frank Glicksman,1921,1984,"writer,producer,miscellaneous"
tt39855267,Victims,Victims,1982,60,Drama,7.6,11,7,writer,developed for television by,3,12,Frank Glicksman,1921,1984,"writer,producer,miscellaneous"
tt54284420,You Pays Your Money,You Pays Your Money,1982,60,Drama,7.7,11,7,writer,developed for television by,4,6,Frank Glicksman,1921,1984,"writer,producer,miscellaneous"
tt23769396,A Very Strange AffairThe Sailor,A Very Strange AffairThe Sailor,1982,60,"Adventure,Family,Fantasy",7.1,52,7,writer,creator,5,10,Gene Levitt,1920,1999,"writer,producer,director"
tt22122410,The ChallengeA Genie Named Joe,The ChallengeA Genie Named Joe,1982,60,"Adventure,Family,Fantasy",7.8,52,6,writer,creator,5,16,Gene Levitt,1920,1999,"writer,producer,director"
tt29672865,Daddys Little GirlThe Whistle,Daddys Little GirlThe Whistle,1982,60,"Adventure,Family,Fantasy",6.9,60,8,writer,creator,5,14,Gene Levitt,1920,1999,"writer,producer,director"
tt27181554,Dancing LadyThe Final Round,Dancing LadyThe Final Round,1982,60,"Adventure,Family,Fantasy",7.4,49,8,writer,creator,6,2,Gene Levitt,1920,1999,"writer,producer,director"
tt95630401,Everybody Goes to GilleysFace of Fire,Everybody Goes to GilleysFace of Fire,1982,60,"Adventure,Family,Fantasy",7.3,38,7,writer,creator,6,5,Gene Levitt,1920,1999,"writer,producer,director"
tt47585054,Face of LoveImage of Celeste,Face of LoveImage of Celeste,1982,60,"Adventure,Family,Fantasy",7.1,48,7,writer,creator,5,19,Gene Levitt,1920,1999,"writer,producer,director"
tt43889746,ForgetMeNotThe Quiz Masters,ForgetMeNotThe Quiz Masters,1982,60,"Adventure,Family,Fantasy",6.6,49,8,writer,creator,5,20,Gene Levitt,1920,1999,"writer,producer,director"
tt36848410,Funny ManTattoo the Matchmaker,Funny ManTattoo the Matchmaker,1982,60,"Adventure,Family,Fantasy",7.0,47,8,writer,creator,5,17,Gene Levitt,1920,1999,"writer,producer,director"
tt34073885,House of DollsWuthering Heights,House of DollsWuthering Heights,1982,60,"Adventure,Family,Fantasy",7.7,58,8,writer,creator,5,11,Gene Levitt,1920,1999,"writer,producer,director"
tt13080778,King Arthur in Mr Roarkes CourtShadow Games,King Arthur in Mr Roarkes CourtShadow Games,1982,60,"Adventure,Family,Fantasy",6.3,56,8,writer,creator,5,13,Gene Levitt,1920,1999,"writer,producer,director"
tt49083925,The Perfect GentlemanLegend,The Perfect GentlemanLegend,1982,60,"Adventure,Family,Fantasy",6.7,46,8,writer,creator,6,3,Gene Levitt,1920,1999,"writer,producer,director"
tt67614384,Sitting DuckSweet Suzi Swann,Sitting DuckSweet Suzi Swann,1982,60,"Adventure,Family,Fantasy",7.1,45,7,writer,creator,5,18,Gene Levitt,1920,1999,"writer,producer,director"
tt17165565,The Angels TriangleNatchez Bound,The Angels TriangleNatchez Bound,1982,60,"Adventure,Family,Fantasy",7.4,44,7,writer,creator,6,4,Gene Levitt,1920,1999,"writer,producer,director"
tt98989442,The Beautiful SkepticThe Lost Platoon,The Beautiful SkepticThe Lost Platoon,1982,60,"Adventure,Family,Fantasy",7.7,51,7,writer,creator,6,6,Gene Levitt,1920,1999,"writer,producer,director"
tt45350930,The Big BetNancy and the Thunderbirds,The Big BetNancy and the Thunderbirds,1982,30,"Adventure,Family,Fantasy",7.0,38,7,writer,creator,5,21,Gene Levitt,1920,1999,"writer,producer,director"
tt13711966,The Case Against Mr RoarkeSave Sherlock Holmes,The Case Against Mr RoarkeSave Sherlock Holmes,1982,60,"Adventure,Family,Fantasy",7.4,52,6,writer,creator,5,15,Gene Levitt,1920,1999,"writer,producer,director"
tt15166091,Curse of the MoreausMy Man Friday,Curse of the MoreausMy Man Friday,1982,60,"Adventure,Family,Fantasy",7.4,45,9,writer,creator,6,1,Gene Levitt,1920,1999,"writer,producer,director"
tt95983304,The Ghosts StoryThe Spoilers,The Ghosts StoryThe Spoilers,1982,60,"Adventure,Family,Fantasy",6.8,57,7,writer,creator,5,22,Gene Levitt,1920,1999,"writer,producer,director"
tt21362438,The KleptomaniacThank God Im a Country Girl,The KleptomaniacThank God Im a Country Girl,1982,60,"Adventure,Family,Fantasy",7.1,45,8,writer,creator,6,8,Gene Levitt,1920,1999,"writer,producer,director"
tt94517775,The Magic CameraMata HariValerie,The Magic CameraMata HariValerie,1982,60,"Adventure,Family,Fantasy",7.3,47,10,writer,creator,5,12,Gene Levitt,1920,1999,"writer,producer,director"
tt64046765,Knight of the Phoenix Part 1,Knight of the Phoenix Part 1,1982,45,"Action,Crime,Drama",7.3,2167,6,writer,created by,1,1,Glen A. Larson,1937,2014,"writer,producer,music_department"
tt87482678,Charlie,Charlie,1982,60,"Action,Adventure,Comedy",7.0,88,6,writer,created by,1,19,Glen A. Larson,1937,2014,"writer,producer,music_department"
tt39011410,Childs Play,Childs Play,1982,49,"Action,Adventure,Comedy",7.0,88,6,writer,created by,1,18,Glen A. Larson,1937,2014,"writer,producer,music_department"
tt26364799,Colt Breaks Out,Colt Breaks Out,1982,60,"Action,Adventure,Comedy",7.2,59,6,writer,created by,2,4,Glen A. Larson,1937,2014,"writer,producer,music_department"
tt54019266,Ready Aim Die,Ready Aim Die,1982,50,"Action,Adventure,Comedy",7.0,84,6,writer,created by,1,14,Glen A. Larson,1937,2014,"writer,producer,music_department"
tt46668563,Goin for It,Goin for It,1982,50,"Action,Adventure,Comedy",6.9,92,6,writer,created by,1,11,Glen A. Larson,1937,2014,"writer,producer,music_department"
tt96623327,Guess Whos Coming to Town,Guess Whos Coming to Town,1982,49,"Action,Adventure,Comedy",6.8,80,6,writer,created by,1,17,Glen A. Larson,1937,2014,"writer,producer,music_department"
tt35769127,Hell on Wheels,Hell on Wheels,1982,60,"Action,Adventure,Comedy",7.4,68,6,writer,created by,2,8,Glen A. Larson,1937,2014,"writer,producer,music_department"
tt72094535,How Do I Kill Thee Let Me Count the Ways,How Do I Kill Thee Let Me Count the Ways,1982,60,"Action,Adventure,Comedy",7.1,55,6,writer,created by,2,9,Glen A. Larson,1937,2014,"writer,producer,music_department"
tt13264516,Ladies on the Ropes,Ladies on the Ropes,1982,49,"Action,Adventure,Comedy",7.3,95,6,writer,created by,1,15,Glen A. Larson,1937,2014,"writer,producer,music_department"
tt74995817,License to Kill Part 1,License to Kill Part 1,1982,60,"Action,Adventure,Comedy",7.4,99,6,writer,created by,1,9,Glen A. Larson,1937,2014,"writer,producer,music_department"
tt16561024,License to Kill Part 2,License to Kill Part 2,1982,50,"Action,Adventure,Comedy",7.3,94,6,writer,created by,1,10,Glen A. Larson,1937,2014,"writer,producer,music_department"
tt93456374,No Way Out,No Way Out,1982,49,"Action,Adventure,Comedy",6.5,97,6,writer,created by,1,8,Glen A. Larson,1937,2014,"writer,producer,music_department"
tt64703422,Scavenger Hunt,Scavenger Hunt,1982,49,"Action,Adventure,Comedy",7.1,85,6,writer,creator,1,22,Glen A. Larson,1937,2014,"writer,producer,music_department"
tt85936524,Soldiers of Misfortune,Soldiers of Misfortune,1982,60,"Action,Adventure,Comedy",6.8,85,6,writer,created by,1,13,Glen A. Larson,1937,2014,"writer,producer,music_department"
tt58796249,The Adventures of Ozzie and Harold,The Adventures of Ozzie and Harold,1982,60,"Action,Adventure,Comedy",7.2,92,6,writer,created by,1,12,Glen A. Larson,1937,2014,"writer,producer,music_department"
tt57788002,Reluctant Traveling Companion,Reluctant Traveling Companion,1982,60,"Action,Adventure,Comedy",8.4,107,6,writer,created by,2,6,Glen A. Larson,1937,2014,"writer,producer,music_department"
tt39523839,The Silent Partner,The Silent Partner,1982,50,"Action,Adventure,Comedy",6.6,77,6,writer,created by,1,21,Glen A. Larson,1937,2014,"writer,producer,music_department"
tt81050535,The Snow Job,The Snow Job,1982,60,"Action,Adventure,Comedy",6.9,86,6,writer,created by,1,16,Glen A. Larson,1937,2014,"writer,producer,music_department"
tt17015046,Three for the Road,Three for the Road,1982,60,"Action,Adventure,Comedy",7.3,79,6,writer,created by,1,20,Glen A. Larson,1937,2014,"writer,producer,music_department"
tt84035081,A Plush Ride,A Plush Ride,1982,49,"Action,Crime,Drama",6.8,313,6,writer,created by,1,12,Glen A. Larson,1937,2014,"writer,producer,music_department"
tt90778707,Deadly Maneuvers,Deadly Maneuvers,1982,49,"Action,Crime,Drama",6.7,458,6,writer,created by,1,3,Glen A. Larson,1937,2014,"writer,producer,music_department"
tt35227460,Forget Me Not,Forget Me Not,1982,49,"Action,Crime,Drama",6.5,298,6,writer,created by,1,13,Glen A. Larson,1937,2014,"writer,producer,music_department"
tt70566390,Good Day at White Rock,Good Day at White Rock,1982,49,"Action,Crime,Drama",6.9,419,6,writer,created by,1,4,Glen A. Larson,1937,2014,"writer,producer,music_department"
tt61257547,Inside Out,Inside Out,1982,49,"Action,Crime,Drama",6.9,319,6,writer,created by,1,10,Glen A. Larson,1937,2014,"writer,producer,music_department"
tt64458192,Just My Bill,Just My Bill,1982,49,"Action,Crime,Drama",6.7,371,6,writer,created by,1,6,Glen A. Larson,1937,2014,"writer,producer,music_department"
tt39171831,No Big Thing,No Big Thing,1982,49,"Action,Crime,Drama",7.0,357,6,writer,created by,1,8,Glen A. Larson,1937,2014,"writer,producer,music_department"
tt43676388,Not a Drop to Drink,Not a Drop to Drink,1982,49,"Action,Crime,Drama",6.5,368,6,writer,created by,1,7,Glen A. Larson,1937,2014,"writer,producer,music_department"
tt87606185,Slammin Sammys Stunt Show Spectacular,Slammin Sammys Stunt Show Spectacular,1982,49,"Action,Crime,Drama",6.9,380,6,writer,created by,1,5,Glen A. Larson,1937,2014,"writer,producer,music_department"
tt37459373,The Final Verdict,The Final Verdict,1982,49,"Action,Crime,Drama",6.6,320,6,writer,created by,1,11,Glen A. Larson,1937,2014,"writer,producer,music_department"
tt13742690,Trust Doesnt Rust,Trust Doesnt Rust,1982,48,"Action,Crime,Drama",7.6,435,6,writer,created by,1,9,Glen A. Larson,1937,2014,"writer,producer,music_department"
tt68921160,Almost Home,Almost Home,1982,48,"Action,Adventure,Crime",7.7,295,7,writer,created by,3,10,Glen A. Larson,1937,2014,"writer,producer,music_department"
tt77241888,Black on White,Black on White,1982,48,"Action,Adventure,Crime",8.0,324,7,writer,created by,3,5,Glen A. Larson,1937,2014,"writer,producer,music_department"
tt77176562,Computer Date,Computer Date,1982,49,"Action,Adventure,Crime",7.7,319,8,writer,created by,2,13,Glen A. Larson,1937,2014,"writer,producer,music_department"
tt66353015,Did You See the Sun Rise,Did You See the Sun Rise,1982,93,"Action,Adventure,Crime",9.0,651,7,writer,created by,3,1,Glen A. Larson,1937,2014,"writer,producer,music_department"
tt39370702,Double Jeopardy,Double Jeopardy,1982,49,"Action,Adventure,Crime",7.4,304,7,writer,created by,2,18,Glen A. Larson,1937,2014,"writer,producer,music_department"
tt16084573,Flashback,Flashback,1982,48,"Action,Adventure,Crime",8.1,307,7,writer,created by,3,6,Glen A. Larson,1937,2014,"writer,producer,music_department"
tt15015037,Foiled Again,Foiled Again,1982,48,"Action,Adventure,Crime",7.7,285,7,writer,created by,3,7,Glen A. Larson,1937,2014,"writer,producer,music_department"
tt10288190,Heal Thyself,Heal Thyself,1982,48,"Action,Adventure,Crime",7.6,275,7,writer,created by,3,11,Glen A. Larson,1937,2014,"writer,producer,music_department"
tt40733802,Italian Ice,Italian Ice,1982,49,"Action,Adventure,Crime",7.8,343,7,writer,created by,2,15,Glen A. Larson,1937,2014,"writer,producer,music_department"
tt62249481,Kiis Dont Lie,Kiis Dont Lie,1982,48,"Action,Adventure,Crime",8.0,349,7,writer,created by,3,2,Glen A. Larson,1937,2014,"writer,producer,music_department"
tt17057512,Mixed Doubles,Mixed Doubles,1982,48,"Action,Adventure,Crime",7.2,308,7,writer,created by,3,9,Glen A. Larson,1937,2014,"writer,producer,music_department"
tt71608993,Mr White Death,Mr White Death,1982,48,"Action,Adventure,Crime",7.8,290,7,writer,created by,3,8,Glen A. Larson,1937,2014,"writer,producer,music_department"
tt50435816,One More Summer,One More Summer,1982,49,"Action,Adventure,Crime",7.2,316,7,writer,created by,2,16,Glen A. Larson,1937,2014,"writer,producer,music_department"
tt97519047,Past Tense,Past Tense,1982,48,"Action,Adventure,Crime",7.7,301,7,writer,created by,3,4,Glen A. Larson,1937,2014,"writer,producer,music_department"
tt60623176,Texas Lightning,Texas Lightning,1982,49,"Action,Adventure,Crime",7.2,316,7,writer,created by,2,17,Glen A. Larson,1937,2014,"writer,producer,music_department"
tt36024072,The Eighth Part of the Village,The Eighth Part of the Village,1982,48,"Action,Adventure,Crime",7.6,291,7,writer,created by,3,3,Glen A. Larson,1937,2014,"writer,producer,music_department"
tt42920489,The Elmo Ziller Story,The Elmo Ziller Story,1982,49,"Action,Adventure,Crime",7.7,333,7,writer,created by,2,20,Glen A. Larson,1937,2014,"writer,producer,music_department"
tt82047920,The Jororo Kill,The Jororo Kill,1982,49,"Action,Adventure,Crime",7.7,329,7,writer,created by,2,12,Glen A. Larson,1937,2014,"writer,producer,music_department"
tt29637935,The Last Page,The Last Page,1982,49,"Action,Adventure,Crime",7.5,303,7,writer,created by,2,19,Glen A. Larson,1937,2014,"writer,producer,music_department"
tt76651504,Three Minus Two,Three Minus Two,1982,60,"Action,Adventure,Crime",7.3,307,7,writer,created by,2,21,Glen A. Larson,1937,2014,"writer,producer,music_department"
tt75597430,Comrade Duke,Comrade Duke,1983,48,"Action,Comedy",6.5,127,7,writer,written by,5,17,William Raynor,1920,1994,"writer,miscellaneous,script_department"
tt36378834,Ding Dong the Boss Is Dead,Ding Dong the Boss Is Dead,1983,48,"Action,Comedy",7.2,129,7,writer,written by,5,15,William Raynor,1920,1994,"writer,miscellaneous,script_department"
tt95806930,Enoss Last Chance,Enoss Last Chance,1983,49,"Action,Comedy",7.6,130,7,writer,teleplay,6,10,William Raynor,1920,1994,"writer,miscellaneous,script_department"
tt64558251,A Baby for the Dukes,A Baby for the Dukes,1983,49,"Action,Comedy",7.6,135,9,producer,producer,6,2,Myles Wilder,1933,2010,"writer,miscellaneous,producer"
tt67992306,A Boys Best Friend,A Boys Best Friend,1983,49,"Action,Comedy",7.2,138,8,writer,writer,6,7,Myles Wilder,1933,2010,"writer,miscellaneous,producer"
tt18692531,Big Brothers Duke,Big Brothers Duke,1983,49,"Action,Comedy",7.2,135,8,producer,producer,5,20,Myles Wilder,1933,2010,"writer,miscellaneous,producer"
tt96766889,Boss Behind Bars,Boss Behind Bars,1983,49,"Action,Comedy",7.4,131,9,producer,producer,6,6,Myles Wilder,1933,2010,"writer,miscellaneous,producer"
tt10377234,Brotherly Love,Brotherly Love,1983,48,"Action,Comedy",7.7,138,9,producer,producer,6,4,Myles Wilder,1933,2010,"writer,miscellaneous,producer"
tt63075161,Comrade Duke,Comrade Duke,1983,48,"Action,Comedy",6.5,127,8,writer,written by,5,17,Myles Wilder,1933,2010,"writer,miscellaneous,producer"
tt49359158,Cooters Girl,Cooters Girl,1983,49,"Action,Comedy",7.4,131,9,producer,producer,6,12,Myles Wilder,1933,2010,"writer,miscellaneous,producer"
tt56241023,Coy vs Vance,Coy vs Vance,1983,49,"Action,Comedy",6.5,133,9,producer,producer,5,16,Myles Wilder,1933,2010,"writer,miscellaneous,producer"
tt10072588,Daisys Shotgun Wedding,Daisys Shotgun Wedding,1983,49,"Action,Comedy",7.2,130,9,producer,producer,5,22,Myles Wilder,1933,2010,"writer,miscellaneous,producer"
tt41950289,Ding Dong the Boss Is Dead,Ding Dong the Boss Is Dead,1983,48,"Action,Comedy",7.2,129,8,writer,written by,5,15,Myles Wilder,1933,2010,"writer,miscellaneous,producer"
tt69858299,Enoss Last Chance,Enoss Last Chance,1983,49,"Action,Comedy",7.6,130,8,writer,teleplay,6,10,Myles Wilder,1933,2010,"writer,miscellaneous,producer"
tt51654384,Farewell Hazzard,Farewell Hazzard,1983,49,"Action,Comedy",7.7,131,9,producer,producer,5,21,Myles Wilder,1933,2010,"writer,miscellaneous,producer"
tt85626679,High Flyin Dukes,High Flyin Dukes,1983,49,"Action,Comedy",7.3,124,8,producer,producer,6,11,Myles Wilder,1933,2010,"writer,miscellaneous,producer"
tt90756635,Lulus Gone Away,Lulus Gone Away,1983,49,"Action,Comedy",7.6,133,7,writer,writer,6,1,Myles Wilder,1933,2010,"writer,miscellaneous,producer"
tt32234102,Targets Daisy and Lulu,Targets Daisy and Lulu,1983,49,"Action,Comedy",7.4,132,10,producer,producer,6,8,Myles Wilder,1933,2010,"writer,miscellaneous,producer"
tt52895853,The Boars Nest Bears,The Boars Nest Bears,1983,49,"Action,Comedy",7.4,129,9,producer,producer,6,5,Myles Wilder,1933,2010,"writer,miscellaneous,producer"
tt72216014,The Return of the Mean Green Machine,The Return of the Mean Green Machine,1983,47,"Action,Comedy",6.7,129,9,producer,producer,5,14,Myles Wilder,1933,2010,"writer,miscellaneous,producer"
tt89014124,Too Many Roscos,Too Many Roscos,1983,49,"Action,Comedy",7.6,132,10,producer,producer,6,3,Myles Wilder,1933,2010,"writer,miscellaneous,producer"
tt57461236,Twin Trouble,Twin Trouble,1983,49,"Action,Comedy",7.6,127,9,producer,producer,6,9,Myles Wilder,1933,2010,"writer,miscellaneous,producer"
tt81718141,Welcome Back Bo n Luke,Welcome Back Bo n Luke,1983,49,"Action,Comedy",8.0,142,8,writer,writer,5,19,Myles Wilder,1933,2010,"writer,miscellaneous,producer"
tt38251885,Witness Jesse Duke,Witness Jesse Duke,1983,48,"Action,Comedy",7.1,133,9,producer,producer,5,18,Myles Wilder,1933,2010,"writer,miscellaneous,producer"
tt63133396,Blütenträume,Blütenträume,1983,90,"Crime,Drama,Mystery",6.1,29,6,writer,writer,1,147,Bruno Hampel,1920,1996,"writer,actor"
tt14679777,Finessing the King,Finessing the King,1983,51,"Crime,Drama,Mystery",7.7,104,6,writer,adapted by,1,2,Gerald Savory,1909,1996,"writer,producer,script_department"
tt73363608,The Man in the Mist,The Man in the Mist,1983,52,"Crime,Drama,Mystery",7.5,89,6,writer,adapted by,1,8,Gerald Savory,1909,1996,"writer,producer,script_department"
tt46977501,The Luncheon,The Luncheon,1983,26,"Comedy,Drama,Horror",5.6,156,7,writer,dramatisation,6,10,Gerald Savory,1909,1996,"writer,producer,script_department"
tt18834582,And for Loyal and Devoted Service,And for Loyal and Devoted Service,1983,60,Drama,8.0,10,7,writer,developed for television by,5,2,Frank Glicksman,1921,1984,"writer,producer,miscellaneous"
tt35633587,All About Everett,All About Everett,1983,60,Drama,8.8,13,7,writer,developed for television by,5,3,Frank Glicksman,1921,1984,"writer,producer,miscellaneous"
tt79568189,Baby on the Line,Baby on the Line,1983,60,Drama,7.8,10,7,writer,developed for television by,4,13,Frank Glicksman,1921,1984,"writer,producer,miscellaneous"
tt24290912,Blue Genes,Blue Genes,1983,60,Drama,8.0,9,7,writer,developed for television by,4,20,Frank Glicksman,1921,1984,"writer,producer,miscellaneous"
tt13920238,Forget Me Not,Forget Me Not,1983,60,Drama,8.7,12,7,writer,developed for television by,4,16,Frank Glicksman,1921,1984,"writer,producer,miscellaneous"
tt45424834,Friends in High Places,Friends in High Places,1983,60,Drama,8.2,9,7,writer,developed for television by,4,21,Frank Glicksman,1921,1984,"writer,producer,miscellaneous"
tt75476711,I Only Have Ice for You,I Only Have Ice for You,1983,60,Drama,8.0,11,7,writer,developed for television by,5,1,Frank Glicksman,1921,1984,"writer,producer,miscellaneous"
tt62848945,It Only Hurts When I Love,It Only Hurts When I Love,1983,60,Drama,8.1,11,7,writer,developed for television by,4,14,Frank Glicksman,1921,1984,"writer,producer,miscellaneous"
tt71002599,Life Death and Vinnie Duncan,Life Death and Vinnie Duncan,1983,60,Drama,8.0,9,7,writer,developed for television by,4,12,Frank Glicksman,1921,1984,"writer,producer,miscellaneous"
tt15270452,May Divorce Be with You,May Divorce Be with You,1983,60,Drama,8.5,10,7,writer,developed for television by,5,4,Frank Glicksman,1921,1984,"writer,producer,miscellaneous"
tt20489423,Mother Load,Mother Load,1983,60,Drama,8.1,11,7,writer,developed for television by,5,9,Frank Glicksman,1921,1984,"writer,producer,miscellaneous"
tt67121514,Old Man Liver,Old Man Liver,1983,60,Drama,7.8,9,7,writer,developed for television by,5,7,Frank Glicksman,1921,1984,"writer,producer,miscellaneous"
tt58551535,Pasts Imperfect,Pasts Imperfect,1983,60,Drama,8.3,11,6,writer,developed for television by,4,18,Frank Glicksman,1921,1984,"writer,producer,miscellaneous"
tt94908523,Primetime,Primetime,1983,60,Drama,8.0,9,7,writer,developed for television by,4,19,Frank Glicksman,1921,1984,"writer,producer,miscellaneous"
tt98284959,South Side Story,South Side Story,1983,60,Drama,8.4,12,7,writer,developed for television by,4,22,Frank Glicksman,1921,1984,"writer,producer,miscellaneous"
tt58357947,Supernurse,Supernurse,1983,60,Drama,8.6,9,7,writer,developed for television by,5,11,Frank Glicksman,1921,1984,"writer,producer,miscellaneous"
tt94491949,The Agony of DFeet,The Agony of DFeet,1983,60,Drama,8.0,9,7,writer,developed for television by,5,8,Frank Glicksman,1921,1984,"writer,producer,miscellaneous"
tt13660029,The Final Cut,The Final Cut,1983,60,Drama,7.0,13,7,writer,developed for television by,5,6,Frank Glicksman,1921,1984,"writer,producer,miscellaneous"
tt83220883,The Spy Who Bugged Me,The Spy Who Bugged Me,1983,60,Drama,7.6,9,7,writer,developed for television by,4,17,Frank Glicksman,1921,1984,"writer,producer,miscellaneous"
tt66512195,What a Difference a Day Makes,What a Difference a Day Makes,1983,60,Drama,7.6,12,7,writer,creator,5,5,Frank Glicksman,1921,1984,"writer,producer,miscellaneous"
tt45675917,Rumpole and the Female of the Species,Rumpole and the Female of the Species,1983,51,"Crime,Drama,Mystery",8.1,66,6,writer,written by,3,4,John Mortimer,1923,2009,"writer,actor,producer"
tt82833148,Rumpole and the Genuine Article,Rumpole and the Genuine Article,1983,52,"Crime,Drama,Mystery",8.2,76,6,writer,written by,3,1,John Mortimer,1923,2009,"writer,actor,producer"
tt13267920,Rumpole and the Golden Thread,Rumpole and the Golden Thread,1983,53,"Crime,Drama,Mystery",7.6,82,6,writer,written by,3,2,John Mortimer,1923,2009,"writer,actor,producer"
tt22135094,Rumpole and the Last Resort,Rumpole and the Last Resort,1983,52,"Crime,Drama,Mystery",8.3,73,6,writer,written by,3,6,John Mortimer,1923,2009,"writer,actor,producer"
tt92486687,Rumpole and the Old Boy Net,Rumpole and the Old Boy Net,1983,53,"Crime,Drama,Mystery",8.1,65,6,writer,written by,3,3,John Mortimer,1923,2009,"writer,actor,producer"
tt64981229,Rumpole and the Sporting Life,Rumpole and the Sporting Life,1983,53,"Crime,Drama,Mystery",8.2,68,6,writer,written by,3,5,John Mortimer,1923,2009,"writer,actor,producer"
tt49934722,Operation BreakoutCandy Kisses,Operation BreakoutCandy Kisses,1983,60,"Adventure,Family,Fantasy",7.6,42,8,writer,creator,6,10,Gene Levitt,1920,1999,"writer,producer,director"
tt72194186,EdwardExtraordinary Miss Jones,EdwardExtraordinary Miss Jones,1983,60,"Adventure,Family,Fantasy",7.1,38,7,writer,creator,6,19,Gene Levitt,1920,1999,"writer,producer,director"
tt25148495,Eternal FlameA Date with Burt,Eternal FlameA Date with Burt,1983,60,"Adventure,Family,Fantasy",7.4,43,7,writer,creator,6,16,Gene Levitt,1920,1999,"writer,producer,director"
tt21091361,God ChildCurtain Call,God ChildCurtain Call,1983,60,"Adventure,Family,Fantasy",6.5,42,9,writer,creator,7,4,Gene Levitt,1920,1999,"writer,producer,director"
tt33674632,King of BurlesqueDeath Games,King of BurlesqueDeath Games,1983,60,"Adventure,Family,Fantasy",7.1,42,7,writer,creator,6,17,Gene Levitt,1920,1999,"writer,producer,director"
tt91039736,Love IslandThe Sisters,Love IslandThe Sisters,1983,60,"Adventure,Family,Fantasy",6.0,41,7,writer,creator,6,22,Gene Levitt,1920,1999,"writer,producer,director"
tt94425656,Midnight WaltzLet Them Eat Cake,Midnight WaltzLet Them Eat Cake,1983,60,"Adventure,Family,Fantasy",7.8,49,6,writer,creator,6,13,Gene Levitt,1920,1999,"writer,producer,director"
tt75443697,Naughty MariettaThe Winning Ticket,Naughty MariettaThe Winning Ticket,1983,60,"Adventure,Family,Fantasy",7.3,39,8,writer,creator,6,9,Gene Levitt,1920,1999,"writer,producer,director"
tt26202036,Nurses Night Out,Nurses Night Out,1983,60,"Adventure,Family,Fantasy",6.4,42,7,writer,creator,7,3,Gene Levitt,1920,1999,"writer,producer,director"
tt99371253,Random ChoicesMy Mommy the Swinger,Random ChoicesMy Mommy the Swinger,1983,60,"Adventure,Family,Fantasy",6.5,40,7,writer,creator,7,8,Gene Levitt,1920,1999,"writer,producer,director"
tt12568002,Remember When,Remember When,1983,60,"Adventure,Family,Fantasy",6.6,34,7,writer,creator,6,21,Gene Levitt,1920,1999,"writer,producer,director"
tt83339305,Return to the Cotton ClubNo Friends Like Old Friends,Return to the Cotton ClubNo Friends Like Old Friends,1983,60,"Adventure,Family,Fantasy",7.1,47,9,writer,creator,6,15,Gene Levitt,1920,1999,"writer,producer,director"
tt11832866,Revenge of the ForgottenCharo,Revenge of the ForgottenCharo,1983,60,"Adventure,Family,Fantasy",7.1,37,8,writer,creator,6,14,Gene Levitt,1920,1999,"writer,producer,director"
tt40191501,The Fantasy Island GirlSaturdays Child,The Fantasy Island GirlSaturdays Child,1983,60,"Adventure,Family,Fantasy",6.3,41,7,writer,creator,7,9,Gene Levitt,1920,1999,"writer,producer,director"
tt12750120,The Big SwitchThe Hookers Holiday,The Big SwitchThe Hookers Holiday,1983,60,"Adventure,Family,Fantasy",7.0,45,7,writer,creator,7,2,Gene Levitt,1920,1999,"writer,producer,director"
tt83890458,Roarkes SacrificeThe Butlers Affair,Roarkes SacrificeThe Butlers Affair,1983,60,"Adventure,Family,Fantasy",6.5,44,8,writer,creator,7,5,Gene Levitt,1920,1999,"writer,producer,director"
tt61233706,The Devil StickTouch and Go,The Devil StickTouch and Go,1983,60,"Adventure,Family,Fantasy",7.4,35,8,writer,creator,6,18,Gene Levitt,1920,1999,"writer,producer,director"
tt70334264,Forbidden LoveThe Other Man  Mr Roarke,Forbidden LoveThe Other Man  Mr Roarke,1983,60,"Adventure,Family,Fantasy",6.3,46,7,writer,creator,7,1,Gene Levitt,1920,1999,"writer,producer,director"
tt78855621,The SongwriterQueen of the Soaps,The SongwriterQueen of the Soaps,1983,60,"Adventure,Family,Fantasy",8.3,53,9,writer,creator,6,11,Gene Levitt,1920,1999,"writer,producer,director"
tt33545777,The Tallowed ImageRoom and Bard,The Tallowed ImageRoom and Bard,1983,60,"Adventure,Family,Fantasy",7.2,44,8,writer,creator,6,12,Gene Levitt,1920,1999,"writer,producer,director"
tt10843184,The Wedding PictureCastaways,The Wedding PictureCastaways,1983,60,"Adventure,Family,Fantasy",6.5,39,7,writer,creator,7,7,Gene Levitt,1920,1999,"writer,producer,director"
tt14726743,Second Time AroundThrees a Crowd,Second Time AroundThrees a Crowd,1983,60,"Adventure,Family,Fantasy",6.0,37,7,writer,creator,7,6,Gene Levitt,1920,1999,"writer,producer,director"
tt88804037,Whats the Matter with KidsIsland of Horrors,Whats the Matter with KidsIsland of Horrors,1983,60,"Adventure,Family,Fantasy",7.5,49,6,writer,creator,6,20,Gene Levitt,1920,1999,"writer,producer,director"
tt31410550,Manimal,Manimal,1983,90,"Adventure,Crime,Fantasy",6.3,320,6,writer,created by,1,1,Glen A. Larson,1937,2014,"writer,producer,music_department"
tt16208371,Pilot,Pilot,1983,90,"Adventure,Thriller",5.4,261,6,writer,created by,1,1,Glen A. Larson,1937,2014,"writer,producer,music_department"
tt73915451,Automan,Automan,1983,73,"Adventure,Comedy,Crime",7.2,136,6,writer,written by,1,1,Glen A. Larson,1937,2014,"writer,producer,music_department"
tt59185855,Staying Alive While Running a High Flashdance Fever,Staying Alive While Running a High Flashdance Fever,1983,49,"Adventure,Comedy,Crime",7.1,37,6,writer,created by,1,2,Glen A. Larson,1937,2014,"writer,producer,music_department"
tt91827604,The Great Pretender,The Great Pretender,1983,49,"Adventure,Comedy,Crime",6.7,35,6,writer,created by,1,3,Glen A. Larson,1937,2014,"writer,producer,music_department"
tt78555289,Happy Trails,Happy Trails,1983,60,"Action,Adventure,Comedy",7.8,69,6,writer,creator,2,11,Glen A. Larson,1937,2014,"writer,producer,music_department"
tt96284900,Just a Small Circle of Friends,Just a Small Circle of Friends,1983,60,"Action,Adventure,Comedy",7.0,61,6,writer,created by,2,23,Glen A. Larson,1937,2014,"writer,producer,music_department"
tt51051724,Spaced Out,Spaced Out,1983,60,"Action,Adventure,Comedy",7.4,58,6,writer,created by,2,16,Glen A. Larson,1937,2014,"writer,producer,music_department"
tt83815717,TKO,TKO,1983,40,"Action,Adventure,Comedy",7.2,47,6,writer,created by,3,6,Glen A. Larson,1937,2014,"writer,producer,music_department"
tt96455546,The Further Adventures of Ozzie and Harold,The Further Adventures of Ozzie and Harold,1983,60,"Action,Adventure,Comedy",7.2,57,6,writer,created by,2,13,Glen A. Larson,1937,2014,"writer,producer,music_department"
tt22077144,To the Finish,To the Finish,1983,60,"Action,Adventure,Comedy",7.2,48,6,writer,created by,3,11,Glen A. Larson,1937,2014,"writer,producer,music_department"
tt56501505,Trauma,Trauma,1983,60,"Action,Adventure,Comedy",7.5,53,6,writer,creator,3,2,Glen A. Larson,1937,2014,"writer,producer,music_department"
tt24852065,Wheels,Wheels,1983,23,"Action,Adventure,Comedy",7.0,50,6,writer,created by,3,12,Glen A. Larson,1937,2014,"writer,producer,music_department"
tt96034534,A Nice Indecent Little Town,A Nice Indecent Little Town,1983,49,"Action,Crime,Drama",6.7,295,6,writer,created by,1,17,Glen A. Larson,1937,2014,"writer,producer,music_department"
tt88874534,Blind Spot,Blind Spot,1983,49,"Action,Crime,Drama",7.1,254,6,writer,created by,2,5,Glen A. Larson,1937,2014,"writer,producer,music_department"
tt65307164,Brothers Keeper,Brothers Keeper,1983,49,"Action,Crime,Drama",6.6,275,6,writer,created by,2,3,Glen A. Larson,1937,2014,"writer,producer,music_department"
tt13542944,Chariot of Gold,Chariot of Gold,1983,49,"Action,Crime,Drama",7.0,308,6,writer,created by,1,18,Glen A. Larson,1937,2014,"writer,producer,music_department"
tt67077979,Custom KITT,Custom KITT,1983,49,"Action,Crime,Drama",7.0,251,6,writer,created by,2,8,Glen A. Larson,1937,2014,"writer,producer,music_department"
tt93830498,Give Me Liberty or Give Me Death,Give Me Liberty or Give Me Death,1983,49,"Action,Crime,Drama",7.1,313,6,writer,created by,1,15,Glen A. Larson,1937,2014,"writer,producer,music_department"
tt34819055,Goliath Part 1,Goliath Part 1,1983,97,"Action,Crime,Drama",7.4,323,6,writer,created by,2,1,Glen A. Larson,1937,2014,"writer,producer,music_department"
tt32783422,Hearts of Stone,Hearts of Stone,1983,49,"Action,Crime,Drama",6.5,297,6,writer,created by,1,14,Glen A. Larson,1937,2014,"writer,producer,music_department"
tt94687006,KITT the Cat,KITT the Cat,1983,49,"Action,Crime,Drama",6.9,262,6,writer,created by,2,7,Glen A. Larson,1937,2014,"writer,producer,music_department"
tt69389858,Knight Moves,Knight Moves,1983,49,"Action,Crime,Drama",6.6,288,6,writer,created by,1,20,Glen A. Larson,1937,2014,"writer,producer,music_department"
tt84468647,Knightmares,Knightmares,1983,49,"Action,Crime,Drama",7.1,254,6,writer,created by,2,11,Glen A. Larson,1937,2014,"writer,producer,music_department"
tt55387040,Merchants of Death,Merchants of Death,1983,49,"Action,Crime,Drama",6.6,254,6,writer,created by,2,4,Glen A. Larson,1937,2014,"writer,producer,music_department"
tt41329547,Nobody Does It Better,Nobody Does It Better,1983,49,"Action,Crime,Drama",6.6,287,6,writer,created by,1,21,Glen A. Larson,1937,2014,"writer,producer,music_department"
tt42860421,Return to Cadiz,Return to Cadiz,1983,49,"Action,Crime,Drama",6.8,257,6,writer,created by,2,6,Glen A. Larson,1937,2014,"writer,producer,music_department"
tt29204183,Ring of Fire,Ring of Fire,1983,49,"Action,Crime,Drama",6.5,238,6,writer,created by,2,10,Glen A. Larson,1937,2014,"writer,producer,music_department"
tt54017702,Short Notice,Short Notice,1983,49,"Action,Crime,Drama",6.6,299,6,writer,created by,1,22,Glen A. Larson,1937,2014,"writer,producer,music_department"
tt58034953,Silent Knight,Silent Knight,1983,48,"Action,Crime,Drama",6.6,248,6,writer,created by,2,12,Glen A. Larson,1937,2014,"writer,producer,music_department"
tt31401285,Soul Survivor,Soul Survivor,1983,49,"Action,Crime,Drama",7.0,279,6,writer,created by,2,9,Glen A. Larson,1937,2014,"writer,producer,music_department"
tt24126261,The Topaz Connection,The Topaz Connection,1983,49,"Action,Crime,Drama",6.7,298,6,writer,creator,1,16,Glen A. Larson,1937,2014,"writer,producer,music_department"
tt18328968,White Bird,White Bird,1983,49,"Action,Crime,Drama",7.2,321,6,writer,created by,1,19,Glen A. Larson,1937,2014,"writer,producer,music_department"
tt44301079,By Its Cover,By Its Cover,1983,48,"Action,Adventure,Crime",7.7,251,7,writer,created by,3,20,Glen A. Larson,1937,2014,"writer,producer,music_department"
tt51658337,A Sense of Debt,A Sense of Debt,1983,48,"Action,Adventure,Crime",7.4,266,7,writer,created by,4,8,Glen A. Larson,1937,2014,"writer,producer,music_department"
tt61837174,Basket Case,Basket Case,1983,48,"Action,Adventure,Crime",7.6,278,7,writer,created by,3,14,Glen A. Larson,1937,2014,"writer,producer,music_department"
tt61588827,Birdman of Budapest,Birdman of Budapest,1983,48,"Action,Adventure,Crime",7.7,288,7,writer,created by,3,15,Glen A. Larson,1937,2014,"writer,producer,music_department"
tt89287793,Distant Relative,Distant Relative,1983,48,"Action,Adventure,Crime",7.9,271,7,writer,created by,4,4,Glen A. Larson,1937,2014,"writer,producer,music_department"
tt99417823,Faith and Begorrah,Faith and Begorrah,1983,48,"Action,Adventure,Crime",7.8,275,7,writer,created by,3,22,Glen A. Larson,1937,2014,"writer,producer,music_department"
tt27801446,Forty Years from Sand Island,Forty Years from Sand Island,1983,48,"Action,Adventure,Crime",7.7,273,7,writer,created by,3,17,Glen A. Larson,1937,2014,"writer,producer,music_department"
tt71602262,Home from the Sea,Home from the Sea,1983,47,"Action,Adventure,Crime",8.5,429,7,writer,creator,4,1,Glen A. Larson,1937,2014,"writer,producer,music_department"
tt97971584,I Do,I Do,1983,48,"Action,Adventure,Crime",7.6,259,7,writer,created by,3,16,Glen A. Larson,1937,2014,"writer,producer,music_department"
tt66905035,Legacy from a Friend,Legacy from a Friend,1983,48,"Action,Adventure,Crime",7.7,293,7,writer,created by,3,18,Glen A. Larson,1937,2014,"writer,producer,music_department"
tt22278168,Letter to a Duchess,Letter to a Duchess,1983,48,"Action,Adventure,Crime",7.8,251,7,writer,created by,4,6,Glen A. Larson,1937,2014,"writer,producer,music_department"
tt13460073,Limited Engagement,Limited Engagement,1983,60,"Action,Adventure,Crime",7.8,259,9,writer,created by,4,5,Glen A. Larson,1937,2014,"writer,producer,music_department"
tt27506490,Luther Gillis File 521,Luther Gillis File 521,1983,48,"Action,Adventure,Crime",7.9,286,7,writer,created by,4,2,Glen A. Larson,1937,2014,"writer,producer,music_department"
tt23318563,Of Sound Mind,Of Sound Mind,1983,48,"Action,Adventure,Crime",8.2,310,7,writer,created by,3,12,Glen A. Larson,1937,2014,"writer,producer,music_department"
tt95868263,Operation Silent Night,Operation Silent Night,1983,48,"Action,Adventure,Crime",8.3,300,7,writer,created by,4,10,Glen A. Larson,1937,2014,"writer,producer,music_department"
tt40859799,Smaller Than Life,Smaller Than Life,1983,48,"Action,Adventure,Crime",7.1,247,7,writer,created by,4,3,Glen A. Larson,1937,2014,"writer,producer,music_department"
tt35387356,Squeeze Play,Squeeze Play,1983,48,"Action,Adventure,Crime",7.8,273,7,writer,creator,4,7,Glen A. Larson,1937,2014,"writer,producer,music_department"
tt98429429,The Arrow That Is Not Aimed,The Arrow That Is Not Aimed,1983,60,"Action,Adventure,Crime",7.9,276,7,writer,created by,3,13,Glen A. Larson,1937,2014,"writer,producer,music_department"
tt21206901,The Big Blow,The Big Blow,1983,48,"Action,Adventure,Crime",8.2,306,7,writer,created by,3,21,Glen A. Larson,1937,2014,"writer,producer,music_department"
tt55226989,The Look,The Look,1983,48,"Action,Adventure,Crime",7.7,260,7,writer,created by,4,9,Glen A. Larson,1937,2014,"writer,producer,music_department"
tt33357156,Cale Yarborough Comes to Hazzard,Cale Yarborough Comes to Hazzard,1984,49,"Action,Comedy",7.1,128,8,writer,writer,7,9,Myles Wilder,1933,2010,"writer,miscellaneous,producer"
tt70755249,Close Call for Daisy,Close Call for Daisy,1984,49,"Action,Comedy",7.6,127,9,producer,producer,6,19,Myles Wilder,1933,2010,"writer,miscellaneous,producer"
tt33438855,Cooters Confession,Cooters Confession,1984,49,"Action,Comedy",7.4,125,8,writer,writer,6,21,Myles Wilder,1933,2010,"writer,miscellaneous,producer"
tt95323702,Dead and Alive,Dead and Alive,1984,49,"Action,Comedy",7.3,128,8,writer,story,6,14,Myles Wilder,1933,2010,"writer,miscellaneous,producer"
tt51339128,Dr Jekyll and Mr Duke,Dr Jekyll and Mr Duke,1984,49,"Action,Comedy",7.6,139,8,writer,writer,7,3,Myles Wilder,1933,2010,"writer,miscellaneous,producer"
tt19269414,Heiress Daisy Duke,Heiress Daisy Duke,1984,49,"Action,Comedy",7.4,128,8,writer,writer,6,13,Myles Wilder,1933,2010,"writer,miscellaneous,producer"
tt55099582,How to Succeed in Hazzard,How to Succeed in Hazzard,1984,49,"Action,Comedy",7.1,124,10,producer,producer,6,18,Myles Wilder,1933,2010,"writer,miscellaneous,producer"
tt28097537,Play It Again Luke,Play It Again Luke,1984,49,"Action,Comedy",7.4,129,8,writer,writer,6,15,Myles Wilder,1933,2010,"writer,miscellaneous,producer"
tt43646627,Robot P Coltrane,Robot P Coltrane,1984,49,"Action,Comedy",7.0,129,8,writer,writer,7,4,Myles Wilder,1933,2010,"writer,miscellaneous,producer"
tt51264138,The Fortune Tellers,The Fortune Tellers,1984,49,"Action,Comedy",6.7,126,9,producer,producer,6,22,Myles Wilder,1933,2010,"writer,miscellaneous,producer"
tt75078516,The Ransom of Hazzard County,The Ransom of Hazzard County,1984,49,"Action,Comedy",7.6,126,9,producer,producer,6,20,Myles Wilder,1933,2010,"writer,miscellaneous,producer"
tt73380959,Undercover Dukes Part One,Undercover Dukes Part One,1984,49,"Action,Comedy",8.1,143,8,writer,writer,6,16,Myles Wilder,1933,2010,"writer,miscellaneous,producer"
tt13336561,Undercover Dukes Part Two,Undercover Dukes Part Two,1984,49,"Action,Comedy",8.0,133,8,writer,writer,6,17,Myles Wilder,1933,2010,"writer,miscellaneous,producer"
tt22100021,Welcome Waylon Jennings,Welcome Waylon Jennings,1984,49,"Action,Comedy",7.9,145,8,writer,teleplay,7,2,Myles Wilder,1933,2010,"writer,miscellaneous,producer"
tt36068002,Brennweite Tausend,Brennweite Tausend,1984,59,"Crime,Drama",8.1,25,6,writer,writer,8,9,Bruno Hampel,1920,1996,"writer,actor"
tt15801680,Reihe 7 Grab 11,Reihe 7 Grab 11,1984,59,"Crime,Drama",7.6,25,6,writer,writer,8,5,Bruno Hampel,1920,1996,"writer,actor"
tt60776149,Zwei Särge aus Florida,Zwei Särge aus Florida,1984,59,"Crime,Drama",7.7,25,6,writer,writer,8,2,Bruno Hampel,1920,1996,"writer,actor"
tt69569822,The Crackler,The Crackler,1984,51,"Crime,Drama,Mystery",7.6,92,6,writer,adapted by,1,10,Gerald Savory,1909,1996,"writer,producer,script_department"
tt49662358,The Last of the Midnight Gardeners,The Last of the Midnight Gardeners,1984,30,"Comedy,Drama,Horror",5.9,130,6,writer,dramatisation,7,6,Gerald Savory,1909,1996,"writer,producer,script_department"
tt15882431,A Change of Heart,A Change of Heart,1984,60,Drama,8.7,11,7,writer,developed for television by,6,1,Frank Glicksman,1921,1984,"writer,producer,miscellaneous"
tt63440386,A Fall to Grace,A Fall to Grace,1984,60,Drama,8.9,15,7,writer,developed for television by,6,7,Frank Glicksman,1921,1984,"writer,producer,miscellaneous"
tt30018918,A Little Knife Music,A Little Knife Music,1984,60,Drama,8.1,11,7,writer,developed for television by,5,14,Frank Glicksman,1921,1984,"writer,producer,miscellaneous"
tt95956214,Aunt Mildred Is Watching,Aunt Mildred Is Watching,1984,60,Drama,7.9,12,6,writer,developed for television by,5,22,Frank Glicksman,1921,1984,"writer,producer,miscellaneous"
tt88269499,Double Bubble,Double Bubble,1984,60,Drama,7.9,11,7,writer,developed for television by,6,10,Frank Glicksman,1921,1984,"writer,producer,miscellaneous"
tt88590627,Eternally Yours,Eternally Yours,1984,60,Drama,8.3,11,7,writer,developed for television by,6,4,Frank Glicksman,1921,1984,"writer,producer,miscellaneous"
tt62213281,I Do I Dont,I Do I Dont,1984,60,Drama,7.7,10,7,writer,creator,5,20,Frank Glicksman,1921,1984,"writer,producer,miscellaneous"
tt34243440,My Son the Doctor,My Son the Doctor,1984,60,Drama,9.0,11,7,writer,developed for television by,6,2,Frank Glicksman,1921,1984,"writer,producer,miscellaneous"
tt24086084,Of Cats Crashes and Creeps,Of Cats Crashes and Creeps,1984,60,Drama,6.4,11,7,writer,developed for television by,6,6,Frank Glicksman,1921,1984,"writer,producer,miscellaneous"
tt98647939,Play Your Hunch,Play Your Hunch,1984,60,Drama,8.0,9,7,writer,creator,5,13,Frank Glicksman,1921,1984,"writer,producer,miscellaneous"
tt97726718,School Nurse,School Nurse,1984,60,Drama,7.2,14,7,writer,developed for television by,6,5,Frank Glicksman,1921,1984,"writer,producer,miscellaneous"
tt16999267,Send in the Clowns,Send in the Clowns,1984,60,Drama,8.3,10,7,writer,developed for television by,5,16,Frank Glicksman,1921,1984,"writer,producer,miscellaneous"
tt37887671,Special Delivery,Special Delivery,1984,60,Drama,8.6,9,7,writer,developed for television by,5,12,Frank Glicksman,1921,1984,"writer,producer,miscellaneous"
tt55594910,The Jackpot Pays Off,The Jackpot Pays Off,1984,60,Drama,7.8,10,7,writer,developed for television by,5,19,Frank Glicksman,1921,1984,"writer,producer,miscellaneous"
tt33491339,This Gland Is Your Gland,This Gland Is Your Gland,1984,60,Drama,7.8,9,7,writer,developed for television by,5,17,Frank Glicksman,1921,1984,"writer,producer,miscellaneous"
tt61919569,Bojangles and the DancerDeuces Are Wild,Bojangles and the DancerDeuces Are Wild,1984,60,"Adventure,Family,Fantasy",7.4,39,8,writer,creator,7,21,Gene Levitt,1920,1999,"writer,producer,director"
tt12074282,Dark SecretThe Outrageous Mr Smith,Dark SecretThe Outrageous Mr Smith,1984,60,"Adventure,Family,Fantasy",7.7,46,6,writer,creator,7,15,Gene Levitt,1920,1999,"writer,producer,director"
tt20587930,Don Juans Last AffairFinal Adieu,Don Juans Last AffairFinal Adieu,1984,60,"Adventure,Family,Fantasy",6.2,39,8,writer,creator,7,20,Gene Levitt,1920,1999,"writer,producer,director"
tt40547152,Goin on HomeAmbitious Lady,Goin on HomeAmbitious Lady,1984,60,"Adventure,Family,Fantasy",5.5,37,8,writer,creator,7,10,Gene Levitt,1920,1999,"writer,producer,director"
tt81670413,Lady of the HouseMrs Brandells Favorites,Lady of the HouseMrs Brandells Favorites,1984,60,"Adventure,Family,Fantasy",6.3,41,7,writer,creator,7,14,Gene Levitt,1920,1999,"writer,producer,director"
tt21324308,Ladies ChoiceSkin Deep,Ladies ChoiceSkin Deep,1984,60,"Adventure,Family,Fantasy",6.6,39,7,writer,creator,7,13,Gene Levitt,1920,1999,"writer,producer,director"
tt91124396,Lost and FoundDick Turpins Last Ride,Lost and FoundDick Turpins Last Ride,1984,60,"Adventure,Family,Fantasy",7.5,41,7,writer,creator,7,19,Gene Levitt,1920,1999,"writer,producer,director"
tt27007342,Mermaid and the MatchmakerThe Obsolete Man,Mermaid and the MatchmakerThe Obsolete Man,1984,60,"Adventure,Family,Fantasy",7.7,40,7,writer,creator,7,18,Gene Levitt,1920,1999,"writer,producer,director"
tt29391611,Baby on DemandThe Last Dogfight,Baby on DemandThe Last Dogfight,1984,60,"Adventure,Family,Fantasy",7.0,37,6,writer,creator,7,16,Gene Levitt,1920,1999,"writer,producer,director"
tt10390075,Surrogate MotherThe Ideal Woman,Surrogate MotherThe Ideal Woman,1984,60,"Adventure,Family,Fantasy",6.6,38,7,writer,creator,7,22,Gene Levitt,1920,1999,"writer,producer,director"
tt51836336,Games People PlayThe Sweet Life,Games People PlayThe Sweet Life,1984,60,"Adventure,Family,Fantasy",7.2,41,9,writer,creator,7,11,Gene Levitt,1920,1999,"writer,producer,director"
tt69507799,Awakening of LoveThe Imposter,Awakening of LoveThe Imposter,1984,60,"Adventure,Family,Fantasy",6.9,39,6,writer,creator,7,17,Gene Levitt,1920,1999,"writer,producer,director"
tt50505876,The High Cost of LovingTo Fly with Eagles,The High Cost of LovingTo Fly with Eagles,1984,60,"Adventure,Family,Fantasy",6.5,40,7,writer,creator,7,12,Gene Levitt,1920,1999,"writer,producer,director"
tt84041719,Pilot,Pilot,1984,88,"Action,Adventure,Drama",7.7,128,6,writer,written by,1,0,Glen A. Larson,1937,2014,"writer,producer,music_department"
tt45492563,Club Ten,Club Ten,1984,47,"Adventure,Comedy,Crime",7.6,25,6,writer,created by,1,13,Glen A. Larson,1937,2014,"writer,producer,music_department"
tt52093123,Death by Design,Death by Design,1984,48,"Adventure,Comedy,Crime",7.4,30,6,writer,created by,1,12,Glen A. Larson,1937,2014,"writer,producer,music_department"
tt15545441,Flashes and Ashes,Flashes and Ashes,1984,48,"Adventure,Comedy,Crime",7.0,32,6,writer,created by,1,6,Glen A. Larson,1937,2014,"writer,producer,music_department"
tt61450293,Murder MTV,Murder MTV,1984,48,"Adventure,Comedy,Crime",7.2,36,6,writer,created by,1,9,Glen A. Larson,1937,2014,"writer,producer,music_department"
tt53421752,Murder Take One,Murder Take One,1984,47,"Adventure,Comedy,Crime",7.0,30,6,writer,created by,1,10,Glen A. Larson,1937,2014,"writer,producer,music_department"
tt70027717,Renegade Run,Renegade Run,1984,48,"Adventure,Comedy,Crime",7.1,33,6,writer,created by,1,8,Glen A. Larson,1937,2014,"writer,producer,music_department"
tt99816523,Ships in the Night,Ships in the Night,1984,49,"Adventure,Comedy,Crime",7.0,36,6,writer,created by,1,4,Glen A. Larson,1937,2014,"writer,producer,music_department"
tt85611736,The Biggest Game in Town,The Biggest Game in Town,1984,48,"Adventure,Comedy,Crime",7.2,30,6,writer,created by,1,7,Glen A. Larson,1937,2014,"writer,producer,music_department"
tt84017136,Unreasonable Facsimile,Unreasonable Facsimile,1984,48,"Adventure,Comedy,Crime",7.2,33,6,writer,created by,1,5,Glen A. Larson,1937,2014,"writer,producer,music_department"
tt84621073,Zippers,Zippers,1984,46,"Adventure,Comedy,Crime",7.3,32,6,writer,created by,1,11,Glen A. Larson,1937,2014,"writer,producer,music_department"
tt63151144,Murder in Malibu,Murder in Malibu,1984,60,"Action,Adventure,Drama",7.0,9,6,writer,created by,1,8,Glen A. Larson,1937,2014,"writer,producer,music_department"
tt46117950,Sudden Exposure,Sudden Exposure,1984,60,"Action,Adventure,Drama",7.7,18,6,writer,created by,1,4,Glen A. Larson,1937,2014,"writer,producer,music_department"
tt31395314,Writers Block,Writers Block,1984,60,"Action,Adventure,Drama",6.8,9,6,writer,created by,1,7,Glen A. Larson,1937,2014,"writer,producer,music_department"
tt16645564,King of the Cowboys,King of the Cowboys,1984,60,"Action,Adventure,Comedy",7.6,63,6,writer,created by,3,19,Glen A. Larson,1937,2014,"writer,producer,music_department"
tt85726244,Losers Weepers Part 1,Losers Weepers Part 1,1984,60,"Action,Adventure,Comedy",7.5,43,6,writer,created by,4,1,Glen A. Larson,1937,2014,"writer,producer,music_department"
tt37088822,Losers Weepers Part 2,Losers Weepers Part 2,1984,60,"Action,Adventure,Comedy",7.2,38,6,writer,created by,4,2,Glen A. Larson,1937,2014,"writer,producer,music_department"
tt53974700,October the 31st,October the 31st,1984,60,"Action,Adventure,Comedy",7.1,48,6,writer,created by,4,7,Glen A. Larson,1937,2014,"writer,producer,music_department"
tt74482648,Prisoner,Prisoner,1984,60,"Action,Adventure,Comedy",7.1,40,6,writer,created by,4,4,Glen A. Larson,1937,2014,"writer,producer,music_department"
tt47067724,Rabbits Feet,Rabbits Feet,1984,60,"Action,Adventure,Comedy",6.9,47,6,writer,created by,3,16,Glen A. Larson,1937,2014,"writer,producer,music_department"
tt13611281,Stranger Than Fiction,Stranger Than Fiction,1984,60,"Action,Adventure,Comedy",7.2,46,6,writer,created by,4,3,Glen A. Larson,1937,2014,"writer,producer,music_department"
tt72518988,Terror U,Terror U,1984,60,"Action,Adventure,Comedy",7.0,42,6,writer,created by,4,5,Glen A. Larson,1937,2014,"writer,producer,music_department"
tt36983138,Undersea Odyssey,Undersea Odyssey,1984,60,"Action,Adventure,Comedy",7.0,43,6,writer,created by,3,21,Glen A. Larson,1937,2014,"writer,producer,music_department"
tt32861128,A Good Knights Work,A Good Knights Work,1984,49,"Action,Crime,Drama",7.0,240,6,writer,created by,2,20,Glen A. Larson,1937,2014,"writer,producer,music_department"
tt33006909,A Knight in Shining Armor,A Knight in Shining Armor,1984,49,"Action,Crime,Drama",6.5,249,6,writer,created by,2,13,Glen A. Larson,1937,2014,"writer,producer,music_department"
tt80386262,Big Iron,Big Iron,1984,49,"Action,Crime,Drama",6.8,226,6,writer,created by,2,24,Glen A. Larson,1937,2014,"writer,producer,music_department"
tt13423484,Dead of Knight,Dead of Knight,1984,48,"Action,Crime,Drama",7.3,214,6,writer,created by,3,9,Glen A. Larson,1937,2014,"writer,producer,music_department"
tt42732327,Diamonds Arent a Girls Best Friend,Diamonds Arent a Girls Best Friend,1984,49,"Action,Crime,Drama",6.7,243,6,writer,created by,2,14,Glen A. Larson,1937,2014,"writer,producer,music_department"
tt71500651,Goliath Returns,Goliath Returns,1984,97,"Action,Crime,Drama",7.4,270,6,writer,creator,2,18,Glen A. Larson,1937,2014,"writer,producer,music_department"
tt16817708,Halloween Knight,Halloween Knight,1984,48,"Action,Crime,Drama",7.6,304,6,writer,created by,3,5,Glen A. Larson,1937,2014,"writer,producer,music_department"
tt87888793,KITT vs KARR,KITT vs KARR,1984,48,"Action,Crime,Drama",8.0,382,6,writer,created by,3,6,Glen A. Larson,1937,2014,"writer,producer,music_department"
tt18800727,Knight in Disgrace,Knight in Disgrace,1984,48,"Action,Crime,Drama",7.4,236,6,writer,created by,3,8,Glen A. Larson,1937,2014,"writer,producer,music_department"
tt42356537,Knight of the Chameleon,Knight of the Chameleon,1984,48,"Action,Crime,Drama",6.9,219,6,writer,created by,3,11,Glen A. Larson,1937,2014,"writer,producer,music_department"
tt97894285,Knight of the Drones,Knight of the Drones,1984,96,"Action,Crime,Drama",7.4,265,6,writer,created by,3,1,Glen A. Larson,1937,2014,"writer,producer,music_department"
tt20736619,Knights of the Fast Lane,Knights of the Fast Lane,1984,48,"Action,Crime,Drama",7.2,236,6,writer,created by,3,4,Glen A. Larson,1937,2014,"writer,producer,music_department"
tt77773269,Let It Be Me,Let It Be Me,1984,49,"Action,Crime,Drama",6.7,267,6,writer,creator,2,23,Glen A. Larson,1937,2014,"writer,producer,music_department"
tt11002758,Lost Knight,Lost Knight,1984,48,"Action,Crime,Drama",7.1,239,6,writer,created by,3,10,Glen A. Larson,1937,2014,"writer,producer,music_department"
tt78201833,Mouth of the Snake,Mouth of the Snake,1984,97,"Action,Crime,Drama",6.7,268,6,writer,created by,2,21,Glen A. Larson,1937,2014,"writer,producer,music_department"
tt23646224,Race for Life,Race for Life,1984,49,"Action,Crime,Drama",6.9,252,6,writer,created by,2,16,Glen A. Larson,1937,2014,"writer,producer,music_department"
tt94029738,Speed Demons,Speed Demons,1984,49,"Action,Crime,Drama",6.7,229,6,writer,created by,2,17,Glen A. Larson,1937,2014,"writer,producer,music_department"
tt96630663,The Ice Bandits,The Ice Bandits,1984,48,"Action,Crime,Drama",6.9,213,6,writer,created by,3,3,Glen A. Larson,1937,2014,"writer,producer,music_department"
tt39439435,The Rotten Apples,The Rotten Apples,1984,48,"Action,Crime,Drama",6.8,225,6,writer,created by,3,7,Glen A. Larson,1937,2014,"writer,producer,music_department"
tt82420059,WhiteLine Warriors,WhiteLine Warriors,1984,49,"Action,Crime,Drama",7.1,230,6,writer,created by,2,15,Glen A. Larson,1937,2014,"writer,producer,music_department"
tt72323929,Blind Justice,Blind Justice,1984,48,"Action,Adventure,Crime",7.8,220,7,writer,created by,5,7,Glen A. Larson,1937,2014,"writer,producer,music_department"
tt38378419,Dream a Little Dream,Dream a Little Dream,1984,48,"Action,Adventure,Crime",7.3,251,6,writer,created by,4,20,Glen A. Larson,1937,2014,"writer,producer,music_department"
tt71940007,Echoes of the Mind Part 1,Echoes of the Mind Part 1,1984,47,"Action,Adventure,Crime",8.0,305,7,writer,creator,5,1,Glen A. Larson,1937,2014,"writer,producer,music_department"
tt74717982,Echoes of the Mind Part 2,Echoes of the Mind Part 2,1984,48,"Action,Adventure,Crime",8.0,296,7,writer,created by,5,2,Glen A. Larson,1937,2014,"writer,producer,music_department"
tt58749203,Fragments,Fragments,1984,48,"Action,Adventure,Crime",7.4,230,7,writer,created by,5,6,Glen A. Larson,1937,2014,"writer,producer,music_department"
tt81423576,Holmes Is Where the Heart Is,Holmes Is Where the Heart Is,1984,48,"Action,Adventure,Crime",8.0,266,7,writer,created by,4,18,Glen A. Larson,1937,2014,"writer,producer,music_department"
tt36970649,I Witness,I Witness,1984,48,"Action,Adventure,Crime",8.0,253,7,writer,created by,4,21,Glen A. Larson,1937,2014,"writer,producer,music_department"
tt23581727,Jororo Farewell,Jororo Farewell,1984,48,"Action,Adventure,Crime",7.0,256,7,writer,created by,4,11,Glen A. Larson,1937,2014,"writer,producer,music_department"
tt32969147,Kiss of the Sabre,Kiss of the Sabre,1984,48,"Action,Adventure,Crime",6.9,240,7,writer,created by,5,11,Glen A. Larson,1937,2014,"writer,producer,music_department"
tt33516090,Let the Punishment Fit the Crime,Let the Punishment Fit the Crime,1984,48,"Action,Adventure,Crime",7.3,231,6,writer,created by,4,17,Glen A. Larson,1937,2014,"writer,producer,music_department"
tt99585192,Luther Gillis File 001,Luther Gillis File 001,1984,48,"Action,Adventure,Crime",7.7,222,7,writer,creator,5,10,Glen A. Larson,1937,2014,"writer,producer,music_department"
tt80325529,Macs Back,Macs Back,1984,48,"Action,Adventure,Crime",7.7,265,7,writer,creator,5,3,Glen A. Larson,1937,2014,"writer,producer,music_department"
tt58428588,Murder 101,Murder 101,1984,48,"Action,Adventure,Crime",8.2,250,7,writer,creator,5,8,Glen A. Larson,1937,2014,"writer,producer,music_department"
tt12773889,No More Mr Nice Guy,No More Mr Nice Guy,1984,48,"Action,Adventure,Crime",7.4,243,7,writer,created by,4,13,Glen A. Larson,1937,2014,"writer,producer,music_department"
tt44023385,On Face Value,On Face Value,1984,48,"Action,Adventure,Crime",7.9,264,7,writer,created by,4,19,Glen A. Larson,1937,2014,"writer,producer,music_department"
tt37348368,Paradise Blues,Paradise Blues,1984,48,"Action,Adventure,Crime",7.1,250,7,writer,created by,4,15,Glen A. Larson,1937,2014,"writer,producer,music_department"
tt17894998,Rembrandts Girl,Rembrandts Girl,1984,60,"Action,Adventure,Crime",7.4,270,7,writer,creator,4,14,Glen A. Larson,1937,2014,"writer,producer,music_department"
tt46776915,The Case of the Red Faced Thespian,The Case of the Red Faced Thespian,1984,48,"Action,Adventure,Crime",7.9,279,7,writer,created by,4,12,Glen A. Larson,1937,2014,"writer,producer,music_department"
tt65981462,The Legacy of Garwood Huddle,The Legacy of Garwood Huddle,1984,48,"Action,Adventure,Crime",7.6,246,7,writer,creator,5,4,Glen A. Larson,1937,2014,"writer,producer,music_department"
tt61728736,The Return of Luther Gillis,The Return of Luther Gillis,1984,48,"Action,Adventure,Crime",7.2,251,7,writer,created by,4,16,Glen A. Larson,1937,2014,"writer,producer,music_department"
tt38386154,Enos and Daisys Wedding,Enos and Daisys Wedding,1985,49,"Action,Comedy",7.9,146,7,writer,teleplay,7,16,Myles Wilder,1933,2010,"writer,miscellaneous,producer"
tt86599378,The Haunting of JD Hogg,The Haunting of JD Hogg,1985,49,"Action,Comedy",7.6,131,7,writer,writer,7,13,Myles Wilder,1933,2010,"writer,miscellaneous,producer"
tt22046488,Die Angst des Apothekers,Die Angst des Apothekers,1985,59,"Crime,Drama",8.3,26,6,writer,writer,9,11,Bruno Hampel,1920,1996,"writer,actor"
tt45727333,Die Tote in der Sauna,Die Tote in der Sauna,1985,55,"Crime,Drama",7.3,23,6,writer,writer,9,7,Bruno Hampel,1920,1996,"writer,actor"
tt78265586,Eine Tote auf Safari,Eine Tote auf Safari,1985,59,"Crime,Drama",8.1,27,6,writer,writer,9,1,Bruno Hampel,1920,1996,"writer,actor"
tt53300834,Flüstermord,Flüstermord,1985,59,"Crime,Drama",7.8,21,6,writer,writer,9,3,Bruno Hampel,1920,1996,"writer,actor"
tt65775427,Gemischtes Doppel,Gemischtes Doppel,1985,59,"Crime,Drama",7.6,23,6,writer,writer,9,4,Bruno Hampel,1920,1996,"writer,actor"
tt87530863,Battle Stations,Battle Stations,1985,51,Comedy,8.3,26,7,writer,dramatised by,1,2,Gerald Savory,1909,1996,"writer,producer,script_department"
tt72354502,Lobster Pots,Lobster Pots,1985,52,Comedy,8.4,27,7,writer,dramatised by,1,4,Gerald Savory,1909,1996,"writer,producer,script_department"
tt57268925,The Italian Connection,The Italian Connection,1985,51,Comedy,8.5,23,7,writer,dramatised by,1,3,Gerald Savory,1909,1996,"writer,producer,script_department"
tt92298609,The Owl and the Pussycat,The Owl and the Pussycat,1985,51,Comedy,8.3,25,7,writer,dramatised by,1,5,Gerald Savory,1909,1996,"writer,producer,script_department"
tt10658619,The Village Fete,The Village Fete,1985,49,Comedy,7.5,31,7,writer,dramatised by,1,1,Gerald Savory,1909,1996,"writer,producer,script_department"
tt43501605,A False Start,A False Start,1985,60,Drama,8.4,9,6,writer,developed for television by,6,19,Frank Glicksman,1921,1984,"writer,producer,miscellaneous"
tt91715173,All of Me,All of Me,1985,60,Drama,8.7,10,7,writer,developed for television by,6,23,Frank Glicksman,1921,1984,"writer,producer,miscellaneous"
tt45182804,All the Kings Horses,All the Kings Horses,1985,60,Drama,7.8,9,7,writer,developed for television by,6,21,Frank Glicksman,1921,1984,"writer,producer,miscellaneous"
tt87651482,Bad Breaks,Bad Breaks,1985,60,Drama,7.3,13,7,writer,developed for television by,6,16,Frank Glicksman,1921,1984,"writer,producer,miscellaneous"
tt22780420,Billboard Barney,Billboard Barney,1985,60,Drama,7.6,13,7,writer,developed for television by,7,9,Frank Glicksman,1921,1984,"writer,producer,miscellaneous"
tt67411627,Buckaroo Bob Rides Again,Buckaroo Bob Rides Again,1985,60,Drama,7.8,9,7,writer,developed for television by,6,13,Frank Glicksman,1921,1984,"writer,producer,miscellaneous"
tt48533505,Game of Hearts Part 1,Game of Hearts Part 1,1985,60,Drama,6.3,11,7,writer,developed for television by,7,1,Frank Glicksman,1921,1984,"writer,producer,miscellaneous"
tt25888143,Game of Hearts Part 2,Game of Hearts Part 2,1985,60,Drama,6.5,11,7,writer,developed for television by,7,2,Frank Glicksman,1921,1984,"writer,producer,miscellaneous"
tt99069691,High Time,High Time,1985,60,Drama,8.2,9,7,writer,developed for television by,6,17,Frank Glicksman,1921,1984,"writer,producer,miscellaneous"
tt82924503,Hot Shot,Hot Shot,1985,60,Drama,6.0,10,7,writer,developed for television by,7,3,Frank Glicksman,1921,1984,"writer,producer,miscellaneous"
tt12612720,In the Eyes of the Beholder,In the Eyes of the Beholder,1985,60,Drama,8.2,9,7,writer,developed for television by,6,20,Frank Glicksman,1921,1984,"writer,producer,miscellaneous"
tt29334668,Just Around the Coroner,Just Around the Coroner,1985,60,Drama,5.4,12,7,writer,developed for television by,7,4,Frank Glicksman,1921,1984,"writer,producer,miscellaneous"
tt86381190,Long Ago and Far Away,Long Ago and Far Away,1985,60,Drama,8.2,9,7,writer,developed for television by,6,11,Frank Glicksman,1921,1984,"writer,producer,miscellaneous"
tt50712764,Love Thy Neighbor,Love Thy Neighbor,1985,60,Drama,8.5,11,7,writer,developed for television by,6,14,Frank Glicksman,1921,1984,"writer,producer,miscellaneous"
tt92285933,Muddle of the Knight,Muddle of the Knight,1985,60,Drama,8.4,9,7,writer,developed for television by,6,12,Frank Glicksman,1921,1984,"writer,producer,miscellaneous"
tt47612733,So Little Gone,So Little Gone,1985,60,Drama,8.6,9,7,writer,creator,6,15,Frank Glicksman,1921,1984,"writer,producer,miscellaneous"
tt89099712,The Second Best Man,The Second Best Man,1985,60,Drama,5.7,12,7,writer,developed for television by,7,8,Frank Glicksman,1921,1984,"writer,producer,miscellaneous"
tt64005961,The Unholy Ghost,The Unholy Ghost,1985,60,Drama,8.0,9,7,writer,developed for television by,6,18,Frank Glicksman,1921,1984,"writer,producer,miscellaneous"
tt33005666,The Wunderkind,The Wunderkind,1985,60,Drama,7.9,12,7,writer,developed for television by,7,6,Frank Glicksman,1921,1984,"writer,producer,miscellaneous"
tt11309725,A Fistful of Lire,A Fistful of Lire,1985,60,"Action,Adventure,Comedy",7.7,40,6,writer,created by,5,4,Glen A. Larson,1937,2014,"writer,producer,music_department"
tt11704182,Her Bodyguard,Her Bodyguard,1985,60,"Action,Adventure,Comedy",6.9,42,6,writer,created by,4,14,Glen A. Larson,1937,2014,"writer,producer,music_department"
tt39120858,Burial Ground,Burial Ground,1985,49,"Action,Crime,Drama",6.5,204,6,writer,created by,4,5,Glen A. Larson,1937,2014,"writer,producer,music_department"
tt55131252,Buy Out,Buy Out,1985,48,"Action,Crime,Drama",6.9,222,6,writer,created by,3,15,Glen A. Larson,1937,2014,"writer,producer,music_department"
tt23678494,Circus Knights,Circus Knights,1985,49,"Action,Crime,Drama",7.0,204,6,writer,created by,3,22,Glen A. Larson,1937,2014,"writer,producer,music_department"
tt41418829,Custom Made Killer,Custom Made Killer,1985,48,"Action,Crime,Drama",7.1,206,6,writer,created by,3,12,Glen A. Larson,1937,2014,"writer,producer,music_department"
tt44902635,Junk Yard Dog,Junk Yard Dog,1985,48,"Action,Crime,Drama",7.3,247,6,writer,created by,3,14,Glen A. Larson,1937,2014,"writer,producer,music_department"
tt25962560,KITTnap,KITTnap,1985,49,"Action,Crime,Drama",6.9,225,6,writer,created by,4,3,Glen A. Larson,1937,2014,"writer,producer,music_department"
tt87477484,Knight  Knerd,Knight  Knerd,1985,48,"Action,Crime,Drama",6.8,225,6,writer,created by,3,18,Glen A. Larson,1937,2014,"writer,producer,music_department"
tt98238192,Knight Behind Bars,Knight Behind Bars,1985,49,"Action,Crime,Drama",6.8,200,6,writer,created by,4,10,Glen A. Larson,1937,2014,"writer,producer,music_department"
tt59736010,Knight Racer,Knight Racer,1985,49,"Action,Crime,Drama",6.8,216,6,writer,created by,4,9,Glen A. Larson,1937,2014,"writer,producer,music_department"
tt69820978,Knight Song,Knight Song,1985,49,"Action,Crime,Drama",6.6,203,6,writer,created by,4,11,Glen A. Larson,1937,2014,"writer,producer,music_department"
tt98051183,Knight Sting,Knight Sting,1985,49,"Action,Crime,Drama",6.9,209,6,writer,created by,4,7,Glen A. Larson,1937,2014,"writer,producer,music_department"
tt68866996,Knight Strike,Knight Strike,1985,48,"Action,Crime,Drama",7.0,213,6,writer,created by,3,21,Glen A. Larson,1937,2014,"writer,producer,music_department"
tt16001767,Knight by a Nose,Knight by a Nose,1985,48,"Action,Crime,Drama",6.7,210,6,writer,created by,3,13,Glen A. Larson,1937,2014,"writer,producer,music_department"
tt30073324,Knight in Retreat,Knight in Retreat,1985,48,"Action,Crime,Drama",7.2,210,6,writer,created by,3,20,Glen A. Larson,1937,2014,"writer,producer,music_department"
tt70618053,Knight of the Juggernaut,Knight of the Juggernaut,1985,49,"Action,Crime,Drama",7.5,273,6,writer,created by,4,1,Glen A. Larson,1937,2014,"writer,producer,music_department"
tt66523680,Knightlines,Knightlines,1985,48,"Action,Crime,Drama",6.8,209,6,writer,created by,3,16,Glen A. Larson,1937,2014,"writer,producer,music_department"
tt53225142,Many Happy Returns,Many Happy Returns,1985,49,"Action,Crime,Drama",6.7,203,6,writer,created by,4,8,Glen A. Larson,1937,2014,"writer,producer,music_department"
tt15662940,Sky Knight,Sky Knight,1985,49,"Action,Crime,Drama",6.9,235,6,writer,created by,4,4,Glen A. Larson,1937,2014,"writer,producer,music_department"
tt56926790,Ten Wheel Trouble,Ten Wheel Trouble,1985,48,"Action,Crime,Drama",6.9,226,6,writer,created by,3,19,Glen A. Larson,1937,2014,"writer,producer,music_department"
tt39886044,The Nineteenth Hole,The Nineteenth Hole,1985,48,"Action,Crime,Drama",6.9,217,6,writer,created by,3,17,Glen A. Larson,1937,2014,"writer,producer,music_department"
tt55300693,The Wrong Crowd,The Wrong Crowd,1985,49,"Action,Crime,Drama",6.8,218,6,writer,created by,4,6,Glen A. Larson,1937,2014,"writer,producer,music_department"
tt51184556,A Pretty Good Dancing Chicken,A Pretty Good Dancing Chicken,1985,48,"Action,Adventure,Crime",7.4,205,7,writer,created by,5,22,Glen A. Larson,1937,2014,"writer,producer,music_department"
tt86984794,All for One Part 1,All for One Part 1,1985,48,"Action,Adventure,Crime",8.1,242,7,writer,created by,5,15,Glen A. Larson,1937,2014,"writer,producer,music_department"
tt65583761,All for One Part 2,All for One Part 2,1985,48,"Action,Adventure,Crime",8.0,228,7,writer,created by,5,16,Glen A. Larson,1937,2014,"writer,producer,music_department"
tt76326152,Blood and Honor,Blood and Honor,1985,48,"Action,Adventure,Crime",8.0,229,7,writer,created by,6,9,Glen A. Larson,1937,2014,"writer,producer,music_department"
tt53475379,Compulsion,Compulsion,1985,48,"Action,Adventure,Crime",7.7,221,7,writer,created by,5,14,Glen A. Larson,1937,2014,"writer,producer,music_department"
tt67700387,Deja Vu,Deja Vu,1985,90,"Action,Adventure,Crime",8.1,266,7,writer,created by,6,1,Glen A. Larson,1937,2014,"writer,producer,music_department"
tt67555132,Going Home,Going Home,1985,48,"Action,Adventure,Crime",8.1,255,7,writer,created by,6,6,Glen A. Larson,1937,2014,"writer,producer,music_department"
tt93090012,Let Me Hear the Music,Let Me Hear the Music,1985,48,"Action,Adventure,Crime",7.4,236,7,writer,created by,5,18,Glen A. Larson,1937,2014,"writer,producer,music_department"
tt45506536,Little Games,Little Games,1985,48,"Action,Adventure,Crime",8.2,258,7,writer,created by,5,12,Glen A. Larson,1937,2014,"writer,producer,music_department"
tt53440202,Ms Jones,Ms Jones,1985,48,"Action,Adventure,Crime",7.5,220,7,writer,created by,5,19,Glen A. Larson,1937,2014,"writer,producer,music_department"
tt61021939,Old Acquaintance,Old Acquaintance,1985,48,"Action,Adventure,Crime",7.4,221,7,writer,created by,6,2,Glen A. Larson,1937,2014,"writer,producer,music_department"
tt35736558,Paniolo,Paniolo,1985,48,"Action,Adventure,Crime",7.2,220,7,writer,created by,6,7,Glen A. Larson,1937,2014,"writer,producer,music_department"
tt12908328,Professor Jonathan Higgins,Professor Jonathan Higgins,1985,48,"Action,Adventure,Crime",7.7,235,7,writer,created by,5,13,Glen A. Larson,1937,2014,"writer,producer,music_department"
tt66053930,Rapture,Rapture,1985,48,"Action,Adventure,Crime",7.4,205,7,writer,created by,6,10,Glen A. Larson,1937,2014,"writer,producer,music_department"
tt28964384,Round and Around,Round and Around,1985,48,"Action,Adventure,Crime",7.5,212,7,writer,created by,6,5,Glen A. Larson,1937,2014,"writer,producer,music_department"
tt27051003,The Hotel Dick,The Hotel Dick,1985,48,"Action,Adventure,Crime",7.4,225,7,writer,created by,6,4,Glen A. Larson,1937,2014,"writer,producer,music_department"
tt32940930,The Kona Winds,The Kona Winds,1985,48,"Action,Adventure,Crime",7.8,231,7,writer,created by,6,3,Glen A. Larson,1937,2014,"writer,producer,music_department"
tt28639179,The LoveforSale Boat,The LoveforSale Boat,1985,48,"Action,Adventure,Crime",7.6,234,7,writer,created by,5,17,Glen A. Larson,1937,2014,"writer,producer,music_department"
tt24540899,The Man from Marseilles,The Man from Marseilles,1985,48,"Action,Adventure,Crime",7.4,204,8,writer,created by,5,20,Glen A. Larson,1937,2014,"writer,producer,music_department"
tt64805102,The Treasure of Kalaniopuu,The Treasure of Kalaniopuu,1985,48,"Action,Adventure,Crime",7.7,218,7,writer,created by,6,8,Glen A. Larson,1937,2014,"writer,producer,music_department"
tt64382084,Torah Torah Torah,Torah Torah Torah,1985,48,"Action,Adventure,Crime",7.6,220,7,writer,created by,5,21,Glen A. Larson,1937,2014,"writer,producer,music_department"
tt32552810,Der Mord auf Zimmer 49,Der Mord auf Zimmer 49,1986,58,"Crime,Drama",7.5,20,6,writer,writer,10,4,Bruno Hampel,1920,1996,"writer,actor"
tt49665239,Falsch verbunden,Falsch verbunden,1986,56,"Crime,Drama",7.2,18,6,writer,writer,10,10,Bruno Hampel,1920,1996,"writer,actor"
tt40167265,Floßfahrt ins Jenseits,Floßfahrt ins Jenseits,1986,57,"Crime,Drama",8.0,21,6,writer,writer,10,11,Bruno Hampel,1920,1996,"writer,actor"
tt86999099,Terzett in Gold,Terzett in Gold,1986,57,"Crime,Drama",6.9,19,6,writer,writer,10,6,Bruno Hampel,1920,1996,"writer,actor"
tt37396160,Au Reservoir,Au Reservoir,1986,52,Comedy,8.1,29,7,writer,dramatised by,2,5,Gerald Savory,1909,1996,"writer,producer,script_department"
tt23157815,Change and Change About,Change and Change About,1986,51,Comedy,7.9,18,7,writer,dramatised by,2,2,Gerald Savory,1909,1996,"writer,producer,script_department"
tt84633261,Lady Bountiful,Lady Bountiful,1986,50,Comedy,8.3,21,7,writer,dramatised by,2,3,Gerald Savory,1909,1996,"writer,producer,script_department"
tt53737753,Winner Takes All,Winner Takes All,1986,52,Comedy,8.0,24,7,writer,dramatised by,2,1,Gerald Savory,1909,1996,"writer,producer,script_department"
tt20671093,Worship,Worship,1986,51,Comedy,7.8,19,7,writer,dramatised by,2,4,Gerald Savory,1909,1996,"writer,producer,script_department"
tt47826860,Elusive Butterfly,Elusive Butterfly,1986,60,Drama,9.5,11,7,writer,developed for television by,7,19,Frank Glicksman,1921,1984,"writer,producer,miscellaneous"
tt43429770,Going Going Gonzo,Going Going Gonzo,1986,60,Drama,8.3,12,7,writer,developed for television by,7,10,Frank Glicksman,1921,1984,"writer,producer,miscellaneous"
tt92153986,Judgement Day,Judgement Day,1986,60,Drama,8.4,10,7,writer,developed for television by,7,13,Frank Glicksman,1921,1984,"writer,producer,miscellaneous"
tt57720037,Chez Titmuss,Chez Titmuss,1986,50,Drama,7.2,8,6,writer,novel,1,3,John Mortimer,1923,2009,"writer,actor,producer"
tt71685066,Death of a Saint,Death of a Saint,1986,79,Drama,7.3,10,6,writer,novel,1,1,John Mortimer,1923,2009,"writer,actor,producer"
tt95981948,Enigma Variations,Enigma Variations,1986,50,Drama,7.6,9,6,writer,novel,1,8,John Mortimer,1923,2009,"writer,actor,producer"
tt29418753,Living in the Past,Living in the Past,1986,52,Drama,7.0,8,6,writer,novel,1,4,John Mortimer,1923,2009,"writer,actor,producer"
tt47136517,The Temptation of Henry Simcox,The Temptation of Henry Simcox,1986,49,Drama,7.3,9,6,writer,novel,1,2,John Mortimer,1923,2009,"writer,actor,producer"
tt38460409,The Wrongs of Man,The Wrongs of Man,1986,48,Drama,7.0,9,6,writer,novel,1,5,John Mortimer,1923,2009,"writer,actor,producer"
tt13898683,Lady in Green,Lady in Green,1986,60,"Action,Adventure,Comedy",7.2,33,6,writer,created by,5,19,Glen A. Larson,1937,2014,"writer,producer,music_department"
tt56892992,Reunion,Reunion,1986,60,"Action,Adventure,Comedy",7.4,38,6,writer,created by,5,11,Glen A. Larson,1937,2014,"writer,producer,music_department"
tt70056719,The Last Chance Platoon,The Last Chance Platoon,1986,60,"Action,Adventure,Comedy",7.6,34,6,writer,created by,5,16,Glen A. Larson,1937,2014,"writer,producer,music_department"
tt69843439,The Lucky Stiff,The Lucky Stiff,1986,60,"Action,Adventure,Comedy",7.9,40,6,writer,created by,5,14,Glen A. Larson,1937,2014,"writer,producer,music_department"
tt66225125,Deadly Knightshade,Deadly Knightshade,1986,49,"Action,Crime,Drama",7.1,206,6,writer,created by,4,15,Glen A. Larson,1937,2014,"writer,producer,music_department"
tt26004263,Fright Knight,Fright Knight,1986,49,"Action,Crime,Drama",7.0,226,6,writer,created by,4,20,Glen A. Larson,1937,2014,"writer,producer,music_department"
tt67464916,Hills of Fire,Hills of Fire,1986,49,"Action,Crime,Drama",6.6,208,6,writer,created by,4,18,Glen A. Larson,1937,2014,"writer,producer,music_department"
tt35588917,Killer KITT,Killer KITT,1986,49,"Action,Crime,Drama",7.2,218,6,writer,created by,4,13,Glen A. Larson,1937,2014,"writer,producer,music_department"
tt23591305,Knight Flight to Freedom,Knight Flight to Freedom,1986,49,"Action,Crime,Drama",6.7,197,6,writer,created by,4,19,Glen A. Larson,1937,2014,"writer,producer,music_department"
tt71457547,Knight of a Thousand Devils,Knight of a Thousand Devils,1986,49,"Action,Crime,Drama",6.8,201,6,writer,created by,4,17,Glen A. Larson,1937,2014,"writer,producer,music_department"
tt19890599,Knight of the Rising Sun,Knight of the Rising Sun,1986,49,"Action,Crime,Drama",6.4,211,6,writer,created by,4,21,Glen A. Larson,1937,2014,"writer,producer,music_department"
tt59170708,Out of the Woods,Out of the Woods,1986,49,"Action,Crime,Drama",6.8,198,6,writer,created by,4,14,Glen A. Larson,1937,2014,"writer,producer,music_department"
tt74483054,Redemption of a Champion,Redemption of a Champion,1986,49,"Action,Crime,Drama",6.6,206,6,writer,created by,4,16,Glen A. Larson,1937,2014,"writer,producer,music_department"
tt25457394,The Scent of Roses,The Scent of Roses,1986,49,"Action,Crime,Drama",7.6,272,6,writer,created by,4,12,Glen A. Larson,1937,2014,"writer,producer,music_department"
tt17998619,Voo Doo Knight,Voo Doo Knight,1986,49,"Action,Crime,Drama",6.7,235,6,writer,created by,4,22,Glen A. Larson,1937,2014,"writer,producer,music_department"
tt85512940,A Little Bit of Luck a Little Bit of Grief,A Little Bit of Luck a Little Bit of Grief,1986,48,"Action,Adventure,Crime",7.3,198,7,writer,created by,6,19,Glen A. Larson,1937,2014,"writer,producer,music_department"
tt15136603,AAPI,AAPI,1986,47,"Action,Adventure,Crime",7.9,246,7,writer,created by,7,4,Glen A. Larson,1937,2014,"writer,producer,music_department"
tt65240798,All Thieves on Deck,All Thieves on Deck,1986,48,"Action,Adventure,Crime",8.0,220,7,writer,created by,6,14,Glen A. Larson,1937,2014,"writer,producer,music_department"
tt49898667,Autumn Warrior,Autumn Warrior,1986,48,"Action,Adventure,Crime",8.1,213,7,writer,created by,7,12,Glen A. Larson,1937,2014,"writer,producer,music_department"
tt23919002,Death and Taxes,Death and Taxes,1986,48,"Action,Adventure,Crime",8.7,295,7,writer,created by,7,5,Glen A. Larson,1937,2014,"writer,producer,music_department"
tt21461029,Death of the Flowers,Death of the Flowers,1986,60,"Action,Adventure,Crime",7.8,206,7,writer,created by,7,11,Glen A. Larson,1937,2014,"writer,producer,music_department"
tt76635104,Find Me a Rainbow,Find Me a Rainbow,1986,48,"Action,Adventure,Crime",7.6,207,7,writer,created by,6,17,Glen A. Larson,1937,2014,"writer,producer,music_department"
tt26238530,I Never Wanted to Go to France Anyway,I Never Wanted to Go to France Anyway,1986,48,"Action,Adventure,Crime",7.3,210,7,writer,created by,6,11,Glen A. Larson,1937,2014,"writer,producer,music_department"
tt50328931,Kapu,Kapu,1986,48,"Action,Adventure,Crime",7.5,215,7,writer,created by,7,9,Glen A. Larson,1937,2014,"writer,producer,music_department"
tt98614542,LA,LA,1986,89,"Action,Adventure,Crime",8.1,249,7,writer,created by,7,1,Glen A. Larson,1937,2014,"writer,producer,music_department"
tt57859259,Little Girl Who,Little Girl Who,1986,48,"Action,Adventure,Crime",8.5,250,7,writer,created by,7,6,Glen A. Larson,1937,2014,"writer,producer,music_department"
tt96860068,Mad Dogs and Englishmen,Mad Dogs and Englishmen,1986,48,"Action,Adventure,Crime",7.8,222,7,writer,created by,6,13,Glen A. Larson,1937,2014,"writer,producer,music_department"
tt58134582,Missing Melody,Missing Melody,1986,47,"Action,Adventure,Crime",7.7,201,7,writer,created by,7,10,Glen A. Larson,1937,2014,"writer,producer,music_department"
tt28029499,Novel Connection,Novel Connection,1986,48,"Action,Adventure,Crime",7.6,291,7,writer,created by,7,8,Glen A. Larson,1937,2014,"writer,producer,music_department"
tt48877557,One Picture Is Worth,One Picture Is Worth,1986,60,"Action,Adventure,Crime",8.0,208,7,writer,created by,7,2,Glen A. Larson,1937,2014,"writer,producer,music_department"
tt94700368,Paper War,Paper War,1986,48,"Action,Adventure,Crime",8.6,256,7,writer,created by,7,7,Glen A. Larson,1937,2014,"writer,producer,music_department"
tt21937711,Photo Play,Photo Play,1986,48,"Action,Adventure,Crime",7.3,194,7,writer,created by,6,20,Glen A. Larson,1937,2014,"writer,producer,music_department"
tt49464922,Straight and Narrow,Straight and Narrow,1986,48,"Action,Adventure,Crime",7.3,211,7,writer,created by,7,3,Glen A. Larson,1937,2014,"writer,producer,music_department"
tt88763540,Summer School,Summer School,1986,48,"Action,Adventure,Crime",7.5,217,7,writer,created by,6,12,Glen A. Larson,1937,2014,"writer,producer,music_department"
tt81001518,This Island Isnt Big Enough,This Island Isnt Big Enough,1986,48,"Action,Adventure,Crime",7.8,193,7,writer,created by,6,15,Glen A. Larson,1937,2014,"writer,producer,music_department"
tt66404303,Rumpole and the Blind Tasting,Rumpole and the Blind Tasting,1987,52,"Crime,Drama,Mystery",8.3,73,6,writer,written by,4,2,John Mortimer,1923,2009,"writer,actor,producer"
tt83476222,Rumpole and the Bright Seraphim,Rumpole and the Bright Seraphim,1987,52,"Crime,Drama,Mystery",8.3,67,6,writer,written by,4,5,John Mortimer,1923,2009,"writer,actor,producer"
tt90579207,Rumpole and the Judges Elbow,Rumpole and the Judges Elbow,1987,52,"Crime,Drama,Mystery",8.3,60,6,writer,written by,4,4,John Mortimer,1923,2009,"writer,actor,producer"
tt85730965,Rumpole and the Official Secret,Rumpole and the Official Secret,1987,52,"Crime,Drama,Mystery",8.2,69,6,writer,written by,4,3,John Mortimer,1923,2009,"writer,actor,producer"
tt50883195,Rumpole and the Old Old Story,Rumpole and the Old Old Story,1987,52,"Crime,Drama,Mystery",8.1,66,6,writer,written by,4,1,John Mortimer,1923,2009,"writer,actor,producer"
tt60386770,Rumpoles Last Case,Rumpoles Last Case,1987,52,"Crime,Drama,Mystery",8.1,67,6,writer,written by,4,6,John Mortimer,1923,2009,"writer,actor,producer"
tt80321027,Forever in Time,Forever in Time,1987,48,"Action,Adventure,Crime",7.8,201,7,writer,created by,8,5,Glen A. Larson,1937,2014,"writer,producer,music_department"
tt25808524,Forty,Forty,1987,47,"Action,Adventure,Crime",7.9,200,7,writer,created by,7,16,Glen A. Larson,1937,2014,"writer,producer,music_department"
tt22830345,Infinity and Jelly Doughnuts,Infinity and Jelly Doughnuts,1987,48,"Action,Adventure,Crime",8.5,262,7,writer,created by,8,1,Glen A. Larson,1937,2014,"writer,producer,music_department"
tt83503491,Innocence A Broad,Innocence A Broad,1987,48,"Action,Adventure,Crime",7.7,195,7,writer,created by,8,3,Glen A. Larson,1937,2014,"writer,producer,music_department"
tt36697901,Laura,Laura,1987,48,"Action,Adventure,Crime",8.9,347,7,writer,created by,7,17,Glen A. Larson,1937,2014,"writer,producer,music_department"
tt46266323,Limbo,Limbo,1987,48,"Action,Adventure,Crime",8.8,335,7,writer,created by,7,21,Glen A. Larson,1937,2014,"writer,producer,music_department"
tt53454932,Murder by Night,Murder by Night,1987,48,"Action,Adventure,Crime",7.9,220,7,writer,created by,7,13,Glen A. Larson,1937,2014,"writer,producer,music_department"
tt95502747,On the Fly,On the Fly,1987,47,"Action,Adventure,Crime",7.8,192,7,writer,created by,7,14,Glen A. Larson,1937,2014,"writer,producer,music_department"
tt55273324,Out of Sync,Out of Sync,1987,48,"Action,Adventure,Crime",7.4,200,7,writer,created by,7,18,Glen A. Larson,1937,2014,"writer,producer,music_department"
tt45110010,Pleasure Principle,Pleasure Principle,1987,46,"Action,Adventure,Crime",7.8,210,7,writer,created by,8,2,Glen A. Larson,1937,2014,"writer,producer,music_department"
tt26036323,Solo Flight,Solo Flight,1987,48,"Action,Adventure,Crime",7.4,232,7,writer,creator,7,15,Glen A. Larson,1937,2014,"writer,producer,music_department"
tt65575200,The Aunt Who Came to Dinner,The Aunt Who Came to Dinner,1987,47,"Action,Adventure,Crime",7.5,199,7,writer,created by,7,19,Glen A. Larson,1937,2014,"writer,producer,music_department"
tt82244421,The Love That Lies,The Love That Lies,1987,46,"Action,Adventure,Crime",7.3,194,7,writer,created by,8,6,Glen A. Larson,1937,2014,"writer,producer,music_department"
tt53273803,The People vs Orville Wright,The People vs Orville Wright,1987,46,"Action,Adventure,Crime",7.9,204,7,writer,creator,7,20,Glen A. Larson,1937,2014,"writer,producer,music_department"
tt67807255,Tigers Fan,Tigers Fan,1987,46,"Action,Adventure,Crime",8.5,214,7,writer,created by,8,4,Glen A. Larson,1937,2014,"writer,producer,music_department"
tt39883761,Pleitegeier,Pleitegeier,1988,90,"Crime,Drama,Mystery",6.9,69,6,writer,writer,1,208,Bruno Hampel,1920,1996,"writer,actor"
tt62311116,Schweigen für immer,Schweigen für immer,1988,58,"Crime,Drama",7.0,19,6,writer,writer,12,2,Bruno Hampel,1920,1996,"writer,actor"
tt37773207,Rumpole and Portia,Rumpole and Portia,1988,51,"Crime,Drama,Mystery",8.0,63,6,writer,written by,5,5,John Mortimer,1923,2009,"writer,actor,producer"
tt71978916,Rumpole and the Age of Miracles,Rumpole and the Age of Miracles,1988,51,"Crime,Drama,Mystery",8.3,69,6,writer,written by,5,3,John Mortimer,1923,2009,"writer,actor,producer"
tt34696365,Rumpole and the Barrow Boy,Rumpole and the Barrow Boy,1988,51,"Crime,Drama,Mystery",8.3,63,6,writer,written by,5,2,John Mortimer,1923,2009,"writer,actor,producer"
tt32768409,Rumpole and the Bubble Reputation,Rumpole and the Bubble Reputation,1988,52,"Crime,Drama,Mystery",8.2,62,6,writer,written by,5,1,John Mortimer,1923,2009,"writer,actor,producer"
tt43785825,Rumpole and the Quality of Life,Rumpole and the Quality of Life,1988,51,"Crime,Drama,Mystery",8.0,65,6,writer,written by,5,6,John Mortimer,1923,2009,"writer,actor,producer"
tt22604270,Rumpole and the Tap End,Rumpole and the Tap End,1988,51,"Crime,Drama,Mystery",8.1,61,6,writer,written by,5,4,John Mortimer,1923,2009,"writer,actor,producer"
tt94830924,A Girl Named Sue,A Girl Named Sue,1988,48,"Action,Adventure,Crime",7.8,210,7,writer,created by,8,7,Glen A. Larson,1937,2014,"writer,producer,music_department"
tt97979597,Legend of the Lost Art,Legend of the Lost Art,1988,48,"Action,Adventure,Crime",7.9,261,7,writer,created by,8,10,Glen A. Larson,1937,2014,"writer,producer,music_department"
tt90581283,Resolutions Part I,Resolutions Part I,1988,45,"Action,Adventure,Crime",8.3,293,7,writer,created by,8,12,Glen A. Larson,1937,2014,"writer,producer,music_department"
tt19230171,The Great Hawaiian Adventure Company,The Great Hawaiian Adventure Company,1988,48,"Action,Adventure,Crime",7.3,186,7,writer,created by,8,9,Glen A. Larson,1937,2014,"writer,producer,music_department"
tt57393370,Bahnhofsbaby,Bahnhofsbaby,1989,59,"Crime,Drama",6.8,19,6,writer,writer,13,5,Bruno Hampel,1920,1996,"writer,actor"
tt96242583,The Waiting Room,The Waiting Room,1989,15,Comedy,8.0,7,5,writer,writer,1,4,John Mortimer,1923,2009,"writer,actor,producer"
tt68773622,Braut ohne Gedächtnis,Braut ohne Gedächtnis,1990,59,"Crime,Drama",7.3,18,6,writer,writer,14,2,Bruno Hampel,1920,1996,"writer,actor"
tt23607545,Ein Schuss zu wenig,Ein Schuss zu wenig,1990,59,"Crime,Drama",7.2,18,6,writer,writer,14,7,Bruno Hampel,1920,1996,"writer,actor"
tt75676943,Mörderisches Inserat,Mörderisches Inserat,1990,57,"Crime,Drama",7.1,17,6,writer,writer,14,10,Bruno Hampel,1920,1996,"writer,actor"
tt64182516,Rumpole a la Carte,Rumpole a la Carte,1991,51,"Crime,Drama,Mystery",8.4,80,6,writer,written by,6,1,John Mortimer,1923,2009,"writer,actor,producer"
tt87613389,Rumpole and the Quacks,Rumpole and the Quacks,1991,51,"Crime,Drama,Mystery",7.9,60,6,writer,written by,6,5,John Mortimer,1923,2009,"writer,actor,producer"
tt25531900,Rumpole and the Right to Silence,Rumpole and the Right to Silence,1991,51,"Crime,Drama,Mystery",7.8,60,6,writer,written by,6,3,John Mortimer,1923,2009,"writer,actor,producer"
tt22730480,Rumpole and the Summer of Discontent,Rumpole and the Summer of Discontent,1991,51,"Crime,Drama,Mystery",8.2,65,6,writer,written by,6,2,John Mortimer,1923,2009,"writer,actor,producer"
tt94403046,Rumpole at Sea,Rumpole at Sea,1991,51,"Crime,Drama,Mystery",8.2,67,6,writer,written by,6,4,John Mortimer,1923,2009,"writer,actor,producer"
tt65687235,Rumpole for the Prosecution,Rumpole for the Prosecution,1991,51,"Crime,Drama,Mystery",8.2,59,6,writer,written by,6,6,John Mortimer,1923,2009,"writer,actor,producer"
tt19470195,Pilot,Pilot,1991,93,Drama,7.5,51,7,writer,created by,1,1,Glen A. Larson,1937,2014,"writer,producer,music_department"
tt18876470,Rumpole and the Children of the Devil,Rumpole and the Children of the Devil,1992,50,"Crime,Drama,Mystery",8.1,57,6,writer,written by,7,1,John Mortimer,1923,2009,"writer,actor,producer"
tt72863707,Rumpole and the Eternal Triangle,Rumpole and the Eternal Triangle,1992,51,"Crime,Drama,Mystery",8.3,66,6,writer,written by,7,3,John Mortimer,1923,2009,"writer,actor,producer"
tt70225727,Rumpole and the Family Pride,Rumpole and the Family Pride,1992,51,"Crime,Drama,Mystery",7.9,65,6,writer,written by,7,5,John Mortimer,1923,2009,"writer,actor,producer"
tt43177661,Rumpole and the Miscarriage of Justice,Rumpole and the Miscarriage of Justice,1992,51,"Crime,Drama,Mystery",8.2,54,6,writer,written by,7,2,John Mortimer,1923,2009,"writer,actor,producer"
tt12511556,Rumpole and the Reform of Joby Jonson,Rumpole and the Reform of Joby Jonson,1992,51,"Crime,Drama,Mystery",8.0,61,6,writer,written by,7,4,John Mortimer,1923,2009,"writer,actor,producer"
tt80999260,Rumpole on Trial,Rumpole on Trial,1992,51,"Crime,Drama,Mystery",8.6,97,6,writer,written by,7,6,John Mortimer,1923,2009,"writer,actor,producer"
tt18869656,Double or Nothing,Double or Nothing,1992,31,"Drama,Romance",6.6,43,6,writer,story,1,12,Zalman King,1942,2012,"producer,director,actor"
tt32294386,How I Met My Husband,How I Met My Husband,1992,33,"Drama,Romance",6.1,47,8,writer,story,1,13,Zalman King,1942,2012,"producer,director,actor"
tt57363379,Talk to Me Baby,Talk to Me Baby,1992,28,"Drama,Romance",5.7,67,6,writer,written by,1,4,Zalman King,1942,2012,"producer,director,actor"
tt42677976,Weekend Pass,Weekend Pass,1992,27,"Drama,Romance",5.8,45,7,writer,story,1,11,Zalman King,1942,2012,"producer,director,actor"
tt22086822,In the Blink of an Eye,In the Blink of an Eye,1993,28,"Drama,Romance",6.7,26,7,writer,story,2,8,Zalman King,1942,2012,"producer,director,actor"
tt33566445,Kidnap,Kidnap,1993,27,"Drama,Romance",6.0,38,7,writer,story,2,4,Zalman King,1942,2012,"producer,director,actor"
tt65469951,Liars Tale,Liars Tale,1993,22,"Drama,Romance",6.6,30,7,writer,story,2,7,Zalman King,1942,2012,"producer,director,actor"
tt94878993,Naked in the Moonlight,Naked in the Moonlight,1993,26,"Drama,Romance",6.0,33,8,writer,story,2,2,Zalman King,1942,2012,"producer,director,actor"
tt96804396,Runway,Runway,1993,23,"Drama,Romance",6.2,39,7,writer,story,2,3,Zalman King,1942,2012,"producer,director,actor"
tt28182205,The Fatal Attribution,The Fatal Attribution,1994,51,"Comedy,Drama",6.3,8,6,writer,writer,1,1,John Mortimer,1923,2009,"writer,actor,producer"
tt49990545,Girl on a Bike,Girl on a Bike,1994,27,"Drama,Romance",7.0,28,6,writer,story,3,7,Zalman King,1942,2012,"producer,director,actor"
tt17699696,Like Father Like Son,Like Father Like Son,1994,26,"Drama,Romance",6.0,28,6,writer,story,3,4,Zalman King,1942,2012,"producer,director,actor"
tt82550794,The Game,The Game,1994,27,"Drama,Romance",5.8,26,7,writer,story,3,2,Zalman King,1942,2012,"producer,director,actor"
tt49729660,Living Hell,Living Hell,1995,45,"Drama,Fantasy,Horror",6.4,373,8,writer,created by,1,8,Leslie Stevens,1924,1998,"writer,producer,miscellaneous"
tt58011019,Quality of Mercy,Quality of Mercy,1995,45,"Drama,Fantasy,Horror",8.2,728,7,writer,created by,1,13,Leslie Stevens,1924,1998,"writer,producer,miscellaneous"
tt80703137,Sandkings,Sandkings,1995,93,"Drama,Fantasy,Horror",7.2,967,8,writer,created by,1,1,Leslie Stevens,1924,1998,"writer,producer,miscellaneous"
tt87632569,The Choice,The Choice,1995,45,"Drama,Fantasy,Horror",6.5,446,7,writer,created by,1,6,Leslie Stevens,1924,1998,"writer,producer,miscellaneous"
tt34724682,The Message,The Message,1995,45,"Drama,Fantasy,Horror",7.3,388,7,writer,created by,1,17,Leslie Stevens,1924,1998,"writer,producer,miscellaneous"
tt36876040,The New Breed,The New Breed,1995,45,"Drama,Fantasy,Horror",7.9,477,7,writer,created by,1,14,Leslie Stevens,1924,1998,"writer,producer,miscellaneous"
tt77563723,The Second Soul,The Second Soul,1995,45,"Drama,Fantasy,Horror",6.9,496,7,writer,created by,1,4,Leslie Stevens,1924,1998,"writer,producer,miscellaneous"
tt41052320,The Voyage Home,The Voyage Home,1995,45,"Drama,Fantasy,Horror",7.1,382,7,writer,created by,1,15,Leslie Stevens,1924,1998,"writer,producer,miscellaneous"
tt39679974,Under the Bed,Under the Bed,1995,45,"Drama,Fantasy,Horror",6.4,386,7,writer,created by,1,10,Leslie Stevens,1924,1998,"writer,producer,miscellaneous"
tt48046974,Valerie 23,Valerie 23,1995,45,"Drama,Fantasy,Horror",7.5,779,7,writer,created by,1,2,Leslie Stevens,1924,1998,"writer,producer,miscellaneous"
tt13279157,Virtual Future,Virtual Future,1995,45,"Drama,Fantasy,Horror",6.6,414,6,writer,created by,1,7,Leslie Stevens,1924,1998,"writer,producer,miscellaneous"
tt76935109,White Light Fever,White Light Fever,1995,44,"Drama,Fantasy,Horror",6.1,440,7,writer,created by,1,5,Leslie Stevens,1924,1998,"writer,producer,miscellaneous"
tt56397210,As She Wishes,As She Wishes,1995,30,"Drama,Romance",5.4,21,5,writer,written by,4,13,Zalman King,1942,2012,"producer,director,actor"
tt38048816,Cowboy Cowboy,Cowboy Cowboy,1995,30,"Drama,Romance",6.5,25,6,writer,teleplay,4,3,Zalman King,1942,2012,"producer,director,actor"
tt75405199,Divorce Divorce,Divorce Divorce,1995,30,"Drama,Romance",5.6,27,8,writer,story,4,2,Zalman King,1942,2012,"producer,director,actor"
tt65707653,The Teacher,The Teacher,1995,30,"Drama,Romance",6.6,27,6,writer,written by,4,6,Zalman King,1942,2012,"producer,director,actor"
tt55752568,Mind Over Matter,Mind Over Matter,1996,45,"Drama,Fantasy,Horror",7.5,336,7,writer,created by,2,5,Leslie Stevens,1924,1998,"writer,producer,miscellaneous"
tt30845698,Out of Body,Out of Body,1996,45,"Drama,Fantasy,Horror",6.6,257,8,writer,created by,2,20,Leslie Stevens,1924,1998,"writer,producer,miscellaneous"
tt75073387,Paradise,Paradise,1996,45,"Drama,Fantasy,Horror",6.7,271,8,writer,created by,2,17,Leslie Stevens,1924,1998,"writer,producer,miscellaneous"
tt94715869,Resurrection,Resurrection,1996,45,"Drama,Fantasy,Horror",7.3,370,8,writer,created by,2,2,Leslie Stevens,1924,1998,"writer,producer,miscellaneous"
tt65391632,Straight and Narrow,Straight and Narrow,1996,45,"Drama,Fantasy,Horror",7.2,312,7,writer,created by,2,8,Leslie Stevens,1924,1998,"writer,producer,miscellaneous"
tt27367305,The Deprogrammers,The Deprogrammers,1996,45,"Drama,Fantasy,Horror",7.5,363,7,writer,created by,2,16,Leslie Stevens,1924,1998,"writer,producer,miscellaneous"
tt57180462,The Heist,The Heist,1996,45,"Drama,Fantasy,Horror",6.1,255,7,writer,created by,2,14,Leslie Stevens,1924,1998,"writer,producer,miscellaneous"
tt92917548,The Light Brigade,The Light Brigade,1996,45,"Drama,Fantasy,Horror",8.0,449,7,writer,created by,2,18,Leslie Stevens,1924,1998,"writer,producer,miscellaneous"
tt69411057,The Refuge,The Refuge,1996,45,"Drama,Fantasy,Horror",7.8,393,7,writer,created by,2,11,Leslie Stevens,1924,1998,"writer,producer,miscellaneous"
tt64282423,The Sentence,The Sentence,1996,45,"Drama,Fantasy,Horror",7.8,370,7,writer,created by,2,22,Leslie Stevens,1924,1998,"writer,producer,miscellaneous"
tt49646411,Trial by Fire,Trial by Fire,1996,45,"Drama,Fantasy,Horror",8.0,433,6,writer,created by,2,9,Leslie Stevens,1924,1998,"writer,producer,miscellaneous"
tt33900784,Unnatural Selection,Unnatural Selection,1996,45,"Drama,Fantasy,Horror",6.9,321,7,writer,created by,2,3,Leslie Stevens,1924,1998,"writer,producer,miscellaneous"
tt46030167,Vanishing Act,Vanishing Act,1996,45,"Drama,Fantasy,Horror",8.1,424,8,writer,created by,2,21,Leslie Stevens,1924,1998,"writer,producer,miscellaneous"
tt70849842,Worlds Apart,Worlds Apart,1996,45,"Drama,Fantasy,Horror",7.0,324,7,writer,created by,2,10,Leslie Stevens,1924,1998,"writer,producer,miscellaneous"
tt26744490,Art of Loneliness,Art of Loneliness,1996,30,"Drama,Romance",6.2,24,6,writer,written by,5,12,Zalman King,1942,2012,"producer,director,actor"
tt37111785,Farmers Daughter,Farmers Daughter,1996,30,"Drama,Romance",5.4,20,6,writer,written by,5,10,Zalman King,1942,2012,"producer,director,actor"
tt89506403,Jealousy,Jealousy,1996,30,"Drama,Romance",5.7,15,6,writer,written by,5,3,Zalman King,1942,2012,"producer,director,actor"
tt48822322,Strip Poker,Strip Poker,1996,30,"Drama,Romance",5.9,19,6,writer,written by,5,5,Zalman King,1942,2012,"producer,director,actor"
tt81411898,Temple of Flesh,Temple of Flesh,1996,30,"Drama,Romance",5.5,19,6,writer,written by,5,8,Zalman King,1942,2012,"producer,director,actor"
tt70894389,The Boxer,The Boxer,1996,30,"Drama,Romance",5.4,22,6,writer,teleplay,5,4,Zalman King,1942,2012,"producer,director,actor"
tt56337058,The Forbidden Zone,The Forbidden Zone,1996,30,"Drama,Romance",4.7,22,7,writer,story,5,11,Zalman King,1942,2012,"producer,director,actor"
tt61654868,The Picnic,The Picnic,1996,30,"Drama,Romance",6.8,26,6,writer,written by,5,13,Zalman King,1942,2012,"producer,director,actor"
tt58715923,Weightless,Weightless,1996,30,"Drama,Romance",5.5,19,5,writer,teleplay,5,1,Zalman King,1942,2012,"producer,director,actor"
tt78796759,Carried Away,Carried Away,1996,30,"Drama,Romance",5.4,12,6,writer,teleplay,5,2,Zalman King,1942,2012,"producer,director,actor"
tt24513436,Banished,Banished,1996,30,"Drama,Romance",5.6,12,6,writer,teleplay,5,14,Zalman King,1942,2012,"producer,director,actor"
tt62164386,Music of the Spheres,Music of the Spheres,1997,45,"Drama,Fantasy,Horror",7.1,323,7,writer,created by,3,14,Leslie Stevens,1924,1998,"writer,producer,miscellaneous"
tt41651290,New Lease,New Lease,1997,45,"Drama,Fantasy,Horror",7.2,255,7,writer,created by,3,11,Leslie Stevens,1924,1998,"writer,producer,miscellaneous"
tt67083382,ReGeneration,ReGeneration,1997,45,"Drama,Fantasy,Horror",6.5,251,7,writer,created by,3,3,Leslie Stevens,1924,1998,"writer,producer,miscellaneous"
tt52262002,The Revelations of Becka Paulson,The Revelations of Becka Paulson,1997,45,"Drama,Fantasy,Horror",6.5,358,8,writer,created by,3,15,Leslie Stevens,1924,1998,"writer,producer,miscellaneous"
tt27136803,Second Thoughts,Second Thoughts,1997,45,"Drama,Fantasy,Horror",6.7,248,7,writer,created by,3,2,Leslie Stevens,1924,1998,"writer,producer,miscellaneous"
tt87227452,Stream of Consciousness,Stream of Consciousness,1997,45,"Drama,Fantasy,Horror",7.5,310,7,writer,created by,3,5,Leslie Stevens,1924,1998,"writer,producer,miscellaneous"
tt81736478,Tempests,Tempests,1997,45,"Drama,Fantasy,Horror",7.7,313,7,writer,created by,3,9,Leslie Stevens,1924,1998,"writer,producer,miscellaneous"
tt92068519,The Awakening,The Awakening,1997,45,"Drama,Fantasy,Horror",7.0,229,7,writer,created by,3,10,Leslie Stevens,1924,1998,"writer,producer,miscellaneous"
tt84859754,The Camp,The Camp,1997,45,"Drama,Fantasy,Horror",7.4,296,6,writer,created by,3,7,Leslie Stevens,1924,1998,"writer,producer,miscellaneous"
tt48982876,Lithia,Lithia,1998,44,"Drama,Fantasy,Horror",6.3,314,7,writer,created by,4,17,Leslie Stevens,1924,1998,"writer,producer,miscellaneous"
tt22724284,Mary 25,Mary 25,1998,45,"Drama,Fantasy,Horror",7.8,309,7,writer,created by,4,15,Leslie Stevens,1924,1998,"writer,producer,miscellaneous"
tt23298646,Monster,Monster,1998,45,"Drama,Fantasy,Horror",6.3,202,7,writer,created by,4,18,Leslie Stevens,1924,1998,"writer,producer,miscellaneous"
tt46593100,Nightmare,Nightmare,1998,44,"Drama,Fantasy,Horror",7.2,232,9,writer,created by,4,20,Leslie Stevens,1924,1998,"writer,producer,miscellaneous"
tt67913942,Phobos Rising,Phobos Rising,1998,45,"Drama,Fantasy,Horror",7.2,206,6,writer,created by,4,24,Leslie Stevens,1924,1998,"writer,producer,miscellaneous"
tt61262596,Promised Land,Promised Land,1998,45,"Drama,Fantasy,Horror",7.1,206,8,writer,created by,4,21,Leslie Stevens,1924,1998,"writer,producer,miscellaneous"
tt93384072,Relativity Theory,Relativity Theory,1998,45,"Drama,Fantasy,Horror",7.6,294,7,writer,created by,4,6,Leslie Stevens,1924,1998,"writer,producer,miscellaneous"
tt24376733,Rite of Passage,Rite of Passage,1998,44,"Drama,Fantasy,Horror",7.2,246,7,writer,created by,4,8,Leslie Stevens,1924,1998,"writer,producer,miscellaneous"
tt81868102,Sarcophagus,Sarcophagus,1998,44,"Drama,Fantasy,Horror",6.9,214,7,writer,created by,4,19,Leslie Stevens,1924,1998,"writer,producer,miscellaneous"
tt98448107,The Hunt,The Hunt,1998,45,"Drama,Fantasy,Horror",7.6,274,7,writer,created by,4,2,Leslie Stevens,1924,1998,"writer,producer,miscellaneous"
tt81228002,The Joining,The Joining,1998,45,"Drama,Fantasy,Horror",6.7,222,9,writer,created by,4,13,Leslie Stevens,1924,1998,"writer,producer,miscellaneous"
tt59940434,The Origin of Species,The Origin of Species,1998,45,"Drama,Fantasy,Horror",6.5,244,8,writer,created by,4,23,Leslie Stevens,1924,1998,"writer,producer,miscellaneous"
tt63240590,The Vaccine,The Vaccine,1998,45,"Drama,Fantasy,Horror",7.3,236,8,writer,created by,4,11,Leslie Stevens,1924,1998,"writer,producer,miscellaneous"
tt57451134,To Tell the Truth,To Tell the Truth,1998,45,"Drama,Fantasy,Horror",7.3,236,7,writer,created by,4,14,Leslie Stevens,1924,1998,"writer,producer,miscellaneous"
tt34525466,Ripper,Ripper,1999,45,"Drama,Fantasy,Horror",6.8,213,7,writer,created by,5,11,Leslie Stevens,1924,1998,"writer,producer,miscellaneous"
tt25229917,Small Friends,Small Friends,1999,45,"Drama,Fantasy,Horror",7.1,208,9,writer,created by,5,3,Leslie Stevens,1924,1998,"writer,producer,miscellaneous"
tt56695186,Starcrossed,Starcrossed,1999,44,"Drama,Fantasy,Horror",6.4,207,8,writer,created by,5,21,Leslie Stevens,1924,1998,"writer,producer,miscellaneous"
tt28017863,Stranded,Stranded,1999,44,"Drama,Fantasy,Horror",7.0,194,10,writer,created by,5,19,Leslie Stevens,1924,1998,"writer,producer,miscellaneous"
tt51193643,Summit,Summit,1999,44,"Drama,Fantasy,Horror",7.5,206,7,writer,created by,5,13,Leslie Stevens,1924,1998,"writer,producer,miscellaneous"
tt85200921,The Grell,The Grell,1999,44,"Drama,Fantasy,Horror",7.1,213,7,writer,created by,5,4,Leslie Stevens,1924,1998,"writer,producer,miscellaneous"
tt22675800,The Haven,The Haven,1999,44,"Drama,Fantasy,Horror",7.3,201,7,writer,created by,5,15,Leslie Stevens,1924,1998,"writer,producer,miscellaneous"
tt18514041,The Human Operators,The Human Operators,1999,45,"Drama,Fantasy,Horror",7.8,321,9,writer,created by,5,7,Leslie Stevens,1924,1998,"writer,producer,miscellaneous"
tt36241778,The Other Side,The Other Side,1999,45,"Drama,Fantasy,Horror",7.1,204,9,writer,created by,5,5,Leslie Stevens,1924,1998,"writer,producer,miscellaneous"
tt73552555,The Shroud,The Shroud,1999,44,"Drama,Fantasy,Horror",6.1,193,9,writer,created by,5,10,Leslie Stevens,1924,1998,"writer,producer,miscellaneous"
tt35878491,Tribunal,Tribunal,1999,44,"Drama,Fantasy,Horror",8.3,386,7,writer,created by,5,12,Leslie Stevens,1924,1998,"writer,producer,miscellaneous"
tt79492798,What Will the Neighbors Think,What Will the Neighbors Think,1999,45,"Drama,Fantasy,Horror",5.8,215,7,writer,created by,5,9,Leslie Stevens,1924,1998,"writer,producer,miscellaneous"
tt66099778,Manifest Destiny,Manifest Destiny,2000,45,"Drama,Fantasy,Horror",7.0,189,9,writer,created by,6,4,Leslie Stevens,1924,1998,"writer,producer,miscellaneous"
tt99551165,Nest,Nest,2000,44,"Drama,Fantasy,Horror",6.3,145,6,writer,created by,6,20,Leslie Stevens,1924,1998,"writer,producer,miscellaneous"
tt50811642,Revival,Revival,2000,45,"Drama,Fantasy,Horror",6.7,170,8,writer,created by,6,16,Leslie Stevens,1924,1998,"writer,producer,miscellaneous"
tt38840258,Seeds of Destruction,Seeds of Destruction,2000,45,"Drama,Fantasy,Horror",6.0,168,7,writer,created by,6,7,Leslie Stevens,1924,1998,"writer,producer,miscellaneous"
tt47173944,Simon Says,Simon Says,2000,45,"Drama,Fantasy,Horror",7.4,210,7,writer,created by,6,8,Leslie Stevens,1924,1998,"writer,producer,miscellaneous"
tt48918314,Skin Deep,Skin Deep,2000,45,"Drama,Fantasy,Horror",7.1,221,7,writer,created by,6,3,Leslie Stevens,1924,1998,"writer,producer,miscellaneous"
tt66837824,Something About Harry,Something About Harry,2000,45,"Drama,Fantasy,Horror",7.2,173,7,writer,created by,6,18,Leslie Stevens,1924,1998,"writer,producer,miscellaneous"
tt46990929,Stasis,Stasis,2000,44,"Drama,Fantasy,Horror",7.1,178,7,writer,created by,6,9,Leslie Stevens,1924,1998,"writer,producer,miscellaneous"
tt35858875,The Beholder,The Beholder,2000,45,"Drama,Fantasy,Horror",7.0,188,7,writer,created by,6,6,Leslie Stevens,1924,1998,"writer,producer,miscellaneous"
tt63977992,The Grid,The Grid,2000,45,"Drama,Fantasy,Horror",6.6,168,7,writer,created by,6,15,Leslie Stevens,1924,1998,"writer,producer,miscellaneous"
tt43281408,The Gun,The Gun,2000,45,"Drama,Fantasy,Horror",6.6,199,7,writer,created by,6,2,Leslie Stevens,1924,1998,"writer,producer,miscellaneous"
tt38079177,Zig Zag,Zig Zag,2000,45,"Drama,Fantasy,Horror",6.5,155,8,writer,created by,6,19,Leslie Stevens,1924,1998,"writer,producer,miscellaneous"
tt14329987,Mindreacher,Mindreacher,2001,43,"Drama,Fantasy,Horror",6.7,194,8,writer,created by,7,14,Leslie Stevens,1924,1998,"writer,producer,miscellaneous"
tt32331014,Mona Lisa,Mona Lisa,2001,43,"Drama,Fantasy,Horror",7.3,181,7,writer,created by,7,6,Leslie Stevens,1924,1998,"writer,producer,miscellaneous"
tt35941336,Patient Zero,Patient Zero,2001,44,"Drama,Fantasy,Horror",8.1,279,7,writer,created by,7,2,Leslie Stevens,1924,1998,"writer,producer,miscellaneous"
tt94093974,Replica,Replica,2001,44,"Drama,Fantasy,Horror",7.6,187,7,writer,created by,7,7,Leslie Stevens,1924,1998,"writer,producer,miscellaneous"
tt95241565,Rule of Law,Rule of Law,2001,44,"Drama,Fantasy,Horror",7.2,157,8,writer,created by,7,17,Leslie Stevens,1924,1998,"writer,producer,miscellaneous"
tt40435504,The Surrogate,The Surrogate,2001,43,"Drama,Fantasy,Horror",6.9,151,7,writer,created by,7,4,Leslie Stevens,1924,1998,"writer,producer,miscellaneous"
tt51514809,The Tipping Point,The Tipping Point,2001,43,"Drama,Fantasy,Horror",6.5,137,7,writer,created by,7,19,Leslie Stevens,1924,1998,"writer,producer,miscellaneous"
tt29020975,The Vessel,The Vessel,2001,43,"Drama,Fantasy,Horror",6.6,129,7,writer,created by,7,5,Leslie Stevens,1924,1998,"writer,producer,miscellaneous"
tt71523051,Think Like a Dinosaur,Think Like a Dinosaur,2001,43,"Drama,Fantasy,Horror",7.3,180,9,writer,created by,7,8,Leslie Stevens,1924,1998,"writer,producer,miscellaneous"
tt28870485,Time to Time,Time to Time,2001,43,"Drama,Fantasy,Horror",7.3,194,7,writer,created by,7,15,Leslie Stevens,1924,1998,"writer,producer,miscellaneous"
tt74695516,Worlds Within,Worlds Within,2001,43,"Drama,Fantasy,Horror",6.6,143,7,writer,created by,7,10,Leslie Stevens,1924,1998,"writer,producer,miscellaneous"
tt85882071,33,33,2004,43,"Action,Adventure,Drama",8.5,3075,7,writer,"based on the series ""Battlestar Galactica"" created by",1,1,Glen A. Larson,1937,2014,"writer,producer,music_department"
tt54387602,Act of Contrition,Act of Contrition,2004,42,"Action,Adventure,Drama",7.7,2185,9,writer,"based on the series ""Battlestar Galactica"" created by",1,4,Glen A. Larson,1937,2014,"writer,producer,music_department"
tt22937414,Bastille Day,Bastille Day,2004,42,"Action,Adventure,Drama",7.6,2256,8,writer,"based on the series ""Battlestar Galactica"" created by",1,3,Glen A. Larson,1937,2014,"writer,producer,music_department"
tt89553819,Flesh and Bone,Flesh and Bone,2004,42,"Action,Adventure,Drama",8.0,2042,8,writer,"based on the series ""Battlestar Galactica"" created by",1,8,Glen A. Larson,1937,2014,"writer,producer,music_department"
tt81859408,Litmus,Litmus,2004,42,"Action,Adventure,Drama",7.6,2059,8,writer,"based on the series ""Battlestar Galactica"" created by",1,6,Glen A. Larson,1937,2014,"writer,producer,music_department"
tt69784313,Six Degrees of Separation,Six Degrees of Separation,2004,42,"Action,Adventure,Drama",7.7,2034,8,writer,"based on the series ""Battlestar Galactica"" created by",1,7,Glen A. Larson,1937,2014,"writer,producer,music_department"
tt36576240,Tigh Me Up Tigh Me Down,Tigh Me Up Tigh Me Down,2004,43,"Action,Adventure,Drama",7.5,2004,7,writer,"based on the series ""Battlestar Galactica"" created by",1,9,Glen A. Larson,1937,2014,"writer,producer,music_department"
tt53230280,Water,Water,2004,42,"Action,Adventure,Drama",7.7,2330,7,writer,"based on the series ""Battlestar Galactica"" created by",1,2,Glen A. Larson,1937,2014,"writer,producer,music_department"
tt20220634,You Cant Go Home Again,You Cant Go Home Again,2004,42,"Action,Adventure,Drama",8.2,2234,8,writer,"based on the series ""Battlestar Galactica"" created by",1,5,Glen A. Larson,1937,2014,"writer,producer,music_department"
tt43000452,Colonial Day,Colonial Day,2005,43,"Action,Adventure,Drama",7.6,1910,8,writer,"based on the series ""Battlestar Galactica"" created by",1,11,Glen A. Larson,1937,2014,"writer,producer,music_department"
tt25547862,Final Cut,Final Cut,2005,60,"Action,Adventure,Drama",7.6,1865,8,writer,"based on the series ""Battlestar Galactica"" created by",2,8,Glen A. Larson,1937,2014,"writer,producer,music_department"
tt96588313,Flight of the Phoenix,Flight of the Phoenix,2005,60,"Action,Adventure,Drama",8.2,1797,9,writer,"based on the series ""Battlestar Galactica"" created by",2,9,Glen A. Larson,1937,2014,"writer,producer,music_department"
tt52399190,Fragged,Fragged,2005,60,"Action,Adventure,Drama",7.9,1788,9,writer,"based on the series ""Battlestar Galactica"" created by",2,3,Glen A. Larson,1937,2014,"writer,producer,music_department"
tt85541768,Home Part 1,Home Part 1,2005,60,"Action,Adventure,Drama",7.9,1777,8,writer,"based on the series ""Battlestar Galactica"" created by",2,6,Glen A. Larson,1937,2014,"writer,producer,music_department"
tt34807084,Home Part 2,Home Part 2,2005,60,"Action,Adventure,Drama",8.3,1832,8,writer,"based on the series ""Battlestar Galactica"" created by",2,7,Glen A. Larson,1937,2014,"writer,producer,music_department"
tt98867894,Kobols Last Gleaming Part 1,Kobols Last Gleaming Part 1,2005,44,"Action,Adventure,Drama",8.3,1954,8,writer,"based on the series ""Battlestar Galactica"" created by",1,12,Glen A. Larson,1937,2014,"writer,producer,music_department"
tt79800095,Kobols Last Gleaming Part 2,Kobols Last Gleaming Part 2,2005,44,"Action,Adventure,Drama",8.8,2109,8,writer,"based on the series ""Battlestar Galactica"" created by",1,13,Glen A. Larson,1937,2014,"writer,producer,music_department"
tt26075502,Pegasus,Pegasus,2005,58,"Action,Adventure,Drama",9.0,2266,8,writer,"based on the series ""Battlestar Galactica"" created by",2,10,Glen A. Larson,1937,2014,"writer,producer,music_department"
tt40682998,Resistance,Resistance,2005,60,"Action,Adventure,Drama",8.0,1770,8,writer,"based on the series ""Battlestar Galactica"" created by",2,4,Glen A. Larson,1937,2014,"writer,producer,music_department"
tt48723208,Scattered,Scattered,2005,60,"Action,Adventure,Drama",8.2,1883,9,writer,"based on the series ""Battlestar Galactica"" created by",2,1,Glen A. Larson,1937,2014,"writer,producer,music_department"
tt67440764,The Farm,The Farm,2005,60,"Action,Adventure,Drama",7.7,1778,8,writer,"based on the series ""Battlestar Galactica"" created by",2,5,Glen A. Larson,1937,2014,"writer,producer,music_department"
tt92380337,The Hand of God,The Hand of God,2005,44,"Action,Adventure,Drama",8.4,2042,8,writer,"based on the series ""Battlestar Galactica"" created by",1,10,Glen A. Larson,1937,2014,"writer,producer,music_department"
tt21309951,Valley of Darkness,Valley of Darkness,2005,60,"Action,Adventure,Drama",7.9,1837,9,writer,"based on the series ""Battlestar Galactica"" created by",2,2,Glen A. Larson,1937,2014,"writer,producer,music_department"
tt81394265,Black Market,Black Market,2006,60,"Action,Adventure,Drama",6.4,1974,8,writer,"based on the series ""Battlestar Galactica"" created by",2,14,Glen A. Larson,1937,2014,"writer,producer,music_department"
tt47353583,Downloaded,Downloaded,2006,60,"Action,Adventure,Drama",8.4,1896,9,writer,"based on the series ""Battlestar Galactica"" created by",2,18,Glen A. Larson,1937,2014,"writer,producer,music_department"
tt18495190,Epiphanies,Epiphanies,2006,60,"Action,Adventure,Drama",7.5,1720,8,writer,"based on the series ""Battlestar Galactica"" created by",2,13,Glen A. Larson,1937,2014,"writer,producer,music_department"
tt15754378,Lay Down Your Burdens Part 1,Lay Down Your Burdens Part 1,2006,60,"Action,Adventure,Drama",8.0,1707,7,writer,"based on the series ""Battlestar Galactica"" created by",2,19,Glen A. Larson,1937,2014,"writer,producer,music_department"
tt97662882,Lay Down Your Burdens Part 2,Lay Down Your Burdens Part 2,2006,68,"Action,Adventure,Drama",8.7,1954,9,writer,"based on the series ""Battlestar Galactica"" created by",2,20,Glen A. Larson,1937,2014,"writer,producer,music_department"
tt32079510,Resurrection Ship Part 1,Resurrection Ship Part 1,2006,60,"Action,Adventure,Drama",8.7,1978,8,writer,"based on the series ""Battlestar Galactica"" created by",2,11,Glen A. Larson,1937,2014,"writer,producer,music_department"
tt18925025,Resurrection Ship Part 2,Resurrection Ship Part 2,2006,60,"Action,Adventure,Drama",8.9,2059,7,writer,"based on the series ""Battlestar Galactica"" created by",2,12,Glen A. Larson,1937,2014,"writer,producer,music_department"
tt77342475,Sacrifice,Sacrifice,2006,60,"Action,Adventure,Drama",7.1,1763,8,writer,"based on the series ""Battlestar Galactica"" created by",2,16,Glen A. Larson,1937,2014,"writer,producer,music_department"
tt23350501,Scar,Scar,2006,60,"Action,Adventure,Drama",7.3,1886,9,writer,"based on the series ""Battlestar Galactica"" created by",2,15,Glen A. Larson,1937,2014,"writer,producer,music_department"
tt42459930,The Captains Hand,The Captains Hand,2006,60,"Action,Adventure,Drama",7.6,1714,8,writer,"based on the series ""Battlestar Galactica"" created by",2,17,Glen A. Larson,1937,2014,"writer,producer,music_department"
